#        weight    minuslogpost              H0         omega_b       omega_cdm      lambda_qtm       delta_qtm     theta_s_100          sigma8         Omega_m           w_qtm       Omega_qtm             age          rs_rec          da_rec       chi2__BAO   minuslogprior minuslogprior__0            chi2 chi2__bao.desi_2024_bao_all chi2__cmb_distance_prior.CMB_Distance_Prior_wcdm
              3       108.46449       67.578199     0.022008613      0.11867216      0.38569893     0.029391772       1.0459175      0.79627786      0.30946068     -0.97800925      0.69046005       13.801381       145.75338       12.785041       13.507733      0.99325177       0.99325177       214.94248                   13.507733                                        201.43475
             10       86.067634       67.254391     0.022106255      0.12140852      0.43874453    0.0075447514       1.0454521      0.81589814      0.31871301     -0.97173468      0.68120664       13.738695       144.42401       12.671863       17.500334      0.99325177       0.99325177       170.14877                   17.500334                                        152.64843
              7       76.152435        67.31534     0.022098833      0.12105812      0.43997752    0.0053912036       1.0452235      0.81494473      0.31734646      -0.9714758      0.68257334       13.742129       144.50031       12.681487       16.928072      0.99325177       0.99325177       150.31837                   16.928072                                        133.39029
              7       59.832208       67.983488     0.022201994      0.11884771      0.47796987    0.0027321921       1.0449358      0.80626485      0.30658003     -0.96546569      0.69334148       13.729747       144.97453       12.729808       13.198047      0.99325177       0.99325177       117.67791                   13.198047                                        104.47987
              8       35.604399       67.760363     0.022219255      0.11211443      0.42433909     0.051268846       1.0440265      0.74585984      0.29397539     -0.97286693      0.70594577       13.969589       148.50795       13.061312       16.923038      0.99325177       0.99325177       69.222294                   16.923038                                        52.299255
              1       18.971164       67.558497     0.022211539      0.11415113      0.43957084     0.035135514       1.0418552      0.77026164       0.3001803     -0.97079946      0.69974039        13.91544       147.03245       12.954662       12.785973      0.99325177       0.99325177       35.955824                   12.785973                                        23.169852
              5       17.991169       67.412515     0.022188285      0.11347747      0.42958498     0.045320375       1.0429942      0.75772449      0.29994823     -0.97239345      0.69997211       13.958163       147.78275       13.008005          13.486      0.99325177       0.99325177       33.995835                      13.486                                        20.509834
              2       17.712618       67.493768      0.02218143      0.11646694      0.40887912     0.022643922       1.0419376      0.78937414      0.30577388     -0.97489611      0.69414665        13.85723       145.95552       12.855339       13.614292      0.99325177       0.99325177       33.438733                   13.614292                                        19.824442
             18       15.177773       67.516743     0.022197359      0.11611407       0.3616615     0.028390081       1.0421412      0.78472976      0.30482668     -0.98047688      0.69509391       13.874945       146.23469       12.878346       13.335341      0.99325177       0.99325177       28.369043                   13.335341                                        15.033702
              5       15.617146       67.501812     0.022196474      0.11615788      0.35803871     0.027767197       1.0420207      0.78534033      0.30505576     -0.98087133      0.69486479       13.875359       146.20016       12.876696       13.443173      0.99325177       0.99325177       29.247788                   13.443173                                        15.804614
             18       14.793593       67.505521     0.022194935      0.11618544      0.35763027     0.030928639       1.0426107      0.78327041      0.30507933     -0.98098186      0.69484123       13.876111       146.31988       12.880171       13.233519      0.99325177       0.99325177       27.600683                   13.233519                                        14.367163
             38       14.439056       67.494031     0.022194878      0.11614359      0.35317982     0.030943261       1.0425058      0.78308828      0.30509122     -0.98146319      0.69482931       13.879008       146.33156       12.882532       13.264396      0.99325177       0.99325177       26.891608                   13.264396                                        13.627212
              4       14.810483       67.495903     0.022192966      0.11611912      0.35383501     0.031717727       1.0426363      0.78241506       0.3050164     -0.98140649      0.69490414       13.879923       146.37236       12.884577       13.206715      0.99325177       0.99325177       27.634463                   13.206715                                        14.427748
              9       14.688552       67.121953     0.022097934      0.11617318      0.29569544    -0.034925444       1.0421141      0.78024221      0.30833354     -0.98732146      0.69158611       13.925419       146.57803       12.908165       14.120826      0.99325177       0.99325177         27.3906                   14.120826                                        13.269774
             15       14.395648       66.974075     0.022090901      0.11615921      0.30107189    -0.036402111       1.0419993      0.77856637      0.30964981     -0.98692098      0.69026949       13.939955       146.65865        12.91676       14.474365      0.99325177       0.99325177       26.804792                   14.474365                                        12.330427
             18       14.774178       66.987558     0.022090892      0.11623456      0.30137984    -0.035524409       1.0419409      0.77967074      0.30969305     -0.98687155      0.69022627       13.935971       146.59611       12.911819       14.570568      0.99325177       0.99325177       27.561852                   14.570568                                        12.991284
             45       14.807281       66.922645     0.022086219      0.11678885      0.31433964    -0.033252202       1.0419718      0.78368624      0.31152134     -0.98568238      0.68839783       13.923522       146.34847        12.88886       15.373739      0.99325177       0.99325177       27.628058                   15.373739                                        12.254319
              3        14.64394       66.886948     0.022086647      0.11672147      0.31799577    -0.034019274       1.0419576      0.78265992      0.31170429     -0.98536242       0.6882148       13.928688       146.40079       12.893782       15.380199      0.99325177       0.99325177       27.301377                   15.380199                                        11.921178
             41       15.757784       66.580344     0.022186751      0.11944052      0.41274153    -0.017388446       1.0416812      0.80236912      0.32094126      -0.9752221      0.67897708       13.857613       145.03426       12.774569       22.219041      0.99325177       0.99325177       29.529064                   22.219041                                        7.3100229
             59       13.749712       66.575873     0.022181677      0.11934605      0.41669834    -0.021639224       1.0421054      0.79992544      0.32075979     -0.97479311      0.67915854       13.861651       145.17567       12.782077       21.188868      0.99325177       0.99325177       25.512921                   21.188868                                        4.3240536
              5       13.998393        66.60795     0.022184928      0.11926233      0.41571175    -0.020622647       1.0419721      0.80016537      0.32026953     -0.97486868      0.67964887       13.860621       145.16547       12.782864       21.069693      0.99325177       0.99325177       26.010283                   21.069693                                          4.94059
              8       13.421224        66.71766     0.022261911      0.12021888      0.35240791    -0.015530727       1.0421792      0.80687641      0.32153901     -0.98199054      0.67837966       13.830368       144.73381       12.742248       23.173226      0.99325177       0.99325177       24.855944                   23.173226                                        1.6827189
             24       13.181592       66.794697     0.022245502      0.11933868      0.35141501     -0.01940144       1.0419353      0.80178422      0.31878811     -0.98203018      0.68113075       13.849003       145.06528       12.775148       20.914116      0.99325177       0.99325177       24.376681                   20.914116                                        3.4625652
             14       12.963852        67.08269     0.022204545      0.11724691      0.39911697    -0.027543284       1.0421187      0.78873989      0.31131748     -0.97648941      0.68860207       13.877069       145.90016       12.848218       15.285914      0.99325177       0.99325177         23.9412                   15.285914                                         8.655286
              2       13.700286       66.976779     0.022207561      0.11791625      0.39362431    -0.023797961       1.0418981      0.79371065      0.31380168     -0.97720587      0.68611762       13.867521       145.59267       12.823045       16.930733      0.99325177       0.99325177       25.414068                   16.930733                                        8.4833349
             19       11.260792       66.996116      0.02245521      0.11779029      0.49281625     -0.02955845       1.0428003      0.78688091      0.31389157     -0.96418702      0.68602767       13.847187       145.64075       12.819927        15.53836      0.99325177       0.99325177       20.535081                    15.53836                                        4.9967216
              4       9.8490721       67.028164     0.022444633      0.11773769      0.49451749    -0.026998237       1.0424538      0.78851402      0.31345085     -0.96384677      0.68646847       13.844203       145.56418       12.817145       15.681279      0.99325177       0.99325177       17.711641                   15.681279                                        2.0303614
              4       9.6532562       66.991216     0.022448073      0.11754522      0.49763619    -0.028712441       1.0424348      0.78638694      0.31337553     -0.96341048      0.68654372          13.853       145.67646        12.82761       15.516564      0.99325177       0.99325177       17.320009                   15.516564                                        1.8034449
              2        9.631237       67.007592     0.022446242      0.11744497      0.49879669    -0.029010845       1.0424445      0.78578617      0.31299503     -0.96321048      0.68692425       13.854157       145.71565       12.831028        15.31303      0.99325177       0.99325177       17.275971                    15.31303                                        1.9629409
              6       8.5193993       66.700277     0.022395173      0.11544463      0.50949067     -0.04171192        1.042181      0.76601487      0.31127486     -0.96175021      0.68864371       13.945185       146.88795       12.939867       13.874609      0.99325177       0.99325177       15.052295                   13.874609                                        1.1776863
             25       8.7274828       66.707523     0.022392818      0.11544033      0.50874924    -0.042744013       1.0424527      0.76502587      0.31119228     -0.96188683       0.6887263       13.945669       146.94984       12.942042       13.733488      0.99325177       0.99325177       15.468462                   13.733488                                         1.734974
             20        8.513634       66.680586     0.022479482      0.11172046      0.56547744    -0.056096521       1.0422536      0.73270621      0.30327255     -0.95220319      0.69664606       14.048457       148.75634        13.10983       13.713792      0.99325177       0.99325177       15.040764                   13.713792                                        1.3269721
