#        weight    minuslogpost              H0         omega_b       omega_cdm      lambda_qtm       delta_qtm     theta_s_100          sigma8         Omega_m           w_qtm       Omega_qtm             age          rs_rec          da_rec       chi2__BAO   minuslogprior minuslogprior__0            chi2 chi2__bao.desi_2024_bao_all chi2__cmb_distance_prior.CMB_Distance_Prior_wcdm
              3       5061.6976       68.497703     0.022072463      0.11807552       0.4006221     0.092020963       1.0697442      0.70889636       0.3000726     -0.97824287      0.69985025       13.800569       150.93901       12.957188         90.7567      0.99325177       0.99325177       10121.409                     90.7567                                        10030.652
              1       1776.2084        68.76087     0.022050581      0.12319102      0.41516757     0.047503749       1.0585685      0.80087915      0.30855323     -0.97489058      0.69137021       13.583164       145.50975       12.609926       22.986779      0.99325177       0.99325177       3550.4302                   22.986779                                        3527.4434
              9       1054.5686       68.723722     0.021992194      0.12543646      0.49383483    0.0090129203       1.0548278      0.83681035      0.31351749     -0.96372255      0.68640576        13.49628       143.51162       12.475094       15.094634      0.99325177       0.99325177       2107.1508                   15.094634                                        2092.0561
              8       793.35047       68.490786     0.021913661      0.12270089      0.56404809     0.019209173       1.0531204      0.82044978      0.30965481     -0.95225669      0.69026804       13.575322       144.45627       12.579238       15.593879      0.99325177       0.99325177       1584.7144                   15.593879                                        1569.1206
              5        670.4699       70.283317     0.021847861      0.11470252       0.7139346     -0.01567526       1.0522318      0.78802171      0.27773609     -0.91721674      0.72219066       13.571412       146.50474       12.774233       49.238372      0.99325177       0.99325177       1338.9533                   49.238372                                        1289.7149
             17       131.52243       69.911994     0.022000688      0.10611093      0.55767631    -0.049540497        1.045013      0.72431049       0.2634288     -0.94867071      0.73649712       13.909255       150.20687       13.200484       63.450905      0.99325177       0.99325177       261.05835                   63.450905                                        197.60744
              5       120.09222       69.670426     0.022003441      0.10446427      0.59198207    -0.055223957       1.0443051      0.70915364      0.26187204     -0.94194156       0.7380534       13.973149       151.06123       13.286924       70.575918      0.99325177       0.99325177       238.19794                   70.575918                                        167.62202
              4       41.378334       68.087313     0.022142577      0.11395752      0.49028088      0.01858709       1.0412863      0.78091648      0.29496905     -0.96279297      0.70495273       13.854577        146.5375       12.916101       12.972795      0.99325177       0.99325177       80.770164                   12.972795                                        67.797369
             39       27.985365       67.962544     0.022139136      0.11488904      0.48114648     0.019805283       1.0419858       0.7843935      0.29806237     -0.96444625       0.7018591       13.843095        146.3238       12.887819       12.753376      0.99325177       0.99325177       53.984227                   12.753376                                        41.230851
             21       27.914462       68.015525     0.022095785      0.11506804      0.47308685     0.020366029       1.0424572      0.78542858      0.29789138     -0.96563234      0.70203018       13.836438       146.32585        12.88148       12.860549      0.99325177       0.99325177       53.842419                   12.860549                                        40.981871
             13       28.323759        68.03652     0.022093941      0.11530839       0.4778052     0.020240215       1.0428142       0.7865637      0.29822283     -0.96496154       0.7016988       13.826913       146.26009       12.871042       12.905729      0.99325177       0.99325177       54.661014                   12.905729                                        41.755285
              6       26.668585       68.012984     0.022116586      0.11426425       0.4614387     0.027979267       1.0424938      0.77747176      0.29622092      -0.9673126      0.70370059       13.864104       146.77204        12.92181       13.285088      0.99325177       0.99325177       51.350666                   13.285088                                        38.065578
             14       22.107587       67.403691     0.022288158      0.11053152      0.36175135    -0.060857903       1.0434522      0.72642815      0.29376236     -0.98088751      0.70615796       14.067883       149.59952       13.168351       17.866822      0.99325177       0.99325177       42.228671                   17.866822                                         24.36185
             10       18.123638       67.739948     0.022389386      0.11702778      0.17081715    -0.033702369       1.0434467      0.78536331      0.30523087     -0.99600872      0.69469024        13.84874       146.06852       12.849794       13.468052      0.99325177       0.99325177       34.260773                   13.468052                                        20.792721
             28        12.35597       67.781548     0.022388235      0.11712329      0.16234613    -0.029930639       1.0429453      0.78879934       0.3050617     -0.99634632      0.69485951        13.84071       145.88159        12.83908       13.704436      0.99325177       0.99325177       22.725437                   13.704436                                        9.0210002
             67       11.247393       67.902913     0.022379466      0.11711252      0.14887457    -0.022757035       1.0421626      0.79372461       0.3039298     -0.99683287      0.69599169       13.827643       145.63442       12.826305       13.946385      0.99325177       0.99325177       20.508283                   13.946385                                        6.5618972
              9       10.901377       67.862661      0.02236153      0.11724852      0.13990066    -0.023959016       1.0423831      0.79368395      0.30454681     -0.99725057      0.69537458       13.829078       145.65117       12.824802       14.003755      0.99325177       0.99325177       19.816251                   14.003755                                        5.8124967
             21       10.939947       67.585496     0.022334323      0.11845173     0.098670191     -0.02012385       1.0423403      0.80053281      0.30962436     -0.99869793      0.69029639       13.822072       145.24469       12.787922       16.298208      0.99325177       0.99325177        19.89339                   16.298208                                        3.5951827
              5       11.062096       67.661336     0.022364702      0.11896972     0.056802517    -0.014494456       1.0424039      0.80524533      0.31012846     -0.99959801      0.68979247       13.799758       144.95417       12.761237       16.925054      0.99325177       0.99325177       20.137689                   16.925054                                        3.2126353
             12       11.250505       67.653343     0.022368126      0.11881459     0.070063888    -0.018215879        1.042585      0.80301842       0.3098703     -0.99939227      0.69005061       13.805427       145.07457        12.76997       16.464591      0.99325177       0.99325177       20.514505                   16.464591                                        4.0499143
              7       10.729306       67.592193     0.022362032      0.11816585     0.080407731    -0.021406892       1.0421128      0.79852457      0.30899792     -0.99920461      0.69092285        13.82972       145.33348       12.799211       16.128157      0.99325177       0.99325177       19.472108                   16.128157                                        3.3439511
             16       10.328032       67.448711     0.022347904      0.11782414     0.095886642    -0.028998882       1.0425131      0.79209292      0.30953178     -0.99894196      0.69038865       13.855494       145.69364       12.826662       15.577971      0.99325177       0.99325177       18.669561                   15.577971                                        3.0915902
