#        weight    minuslogpost              H0         omega_b       omega_cdm      lambda_qtm       delta_qtm     theta_s_100          sigma8         Omega_m           w_qtm       Omega_qtm             age          rs_rec          da_rec       chi2__BAO   minuslogprior minuslogprior__0            chi2 chi2__bao.desi_2024_bao_all chi2__cmb_distance_prior.CMB_Distance_Prior_wcdm
              4        2811.496       66.872457      0.02197313      0.10893891      0.47626118      0.10785526       1.0621919      0.63851909      0.29418225     -0.96836808      0.70573666       14.226514       155.46659       13.451514       105.33206      0.99325177       0.99325177       5621.0054                   105.33206                                        5515.6733
              1       471.27767        66.62557     0.022241467      0.11166047      0.42307762     0.025533783       1.0342699      0.76377108      0.30310225     -0.97298174       0.6968162       14.070346       147.28413       13.073754       16.551564      0.99325177       0.99325177       940.56885                   16.551564                                        924.01728
              8       275.69848       65.863581     0.022313335      0.10512843      0.46370423     0.070195382       1.0359532      0.68569724       0.2952639     -0.96822907      0.70465245       14.368166       151.87707        13.47246        14.38193      0.99325177       0.99325177       549.41045                    14.38193                                        535.02852
              1       59.662326       66.359409     0.022249689      0.10563405      0.50522277     0.084676802       1.0445642      0.66596119      0.29187184     -0.96227114      0.70804588       14.317214        153.2576       13.484626       33.539888      0.99325177       0.99325177       117.33815                   33.539888                                         83.79826
             13       20.786752       66.289911      0.02225401      0.10752537      0.54907806     0.075181822       1.0431988      0.68866962      0.29679805     -0.95507461      0.70311958       14.241938        151.7379       13.364739       22.439069      0.99325177       0.99325177          39.587                   22.439069                                         17.14793
             35       14.182055       66.224291     0.022250047      0.10726833      0.51536719     0.073262859       1.0415862      0.69084453      0.29679134     -0.96060169      0.70312607       14.262065       151.62447        13.37521       19.369749      0.99325177       0.99325177       26.377607                   19.369749                                        7.0078581
             16       13.660991        66.26358     0.022244728      0.10676659      0.50484935     0.075388042       1.0418323      0.68566947      0.29528467      -0.9622259      0.70463281       14.278862       151.97482       13.403754       21.333073      0.99325177       0.99325177       25.335479                   21.333073                                         4.002406
             15       13.340054       66.366609     0.022273072      0.10784978      0.47148019     0.074035154       1.0426217      0.69279446      0.29689209     -0.96741135      0.70302555        14.24161       151.52208       13.352847       20.018012      0.99325177       0.99325177       24.693605                   20.018012                                        4.6755932
             50        10.87069       66.017417     0.022282791      0.10755525      0.43787264     0.077432329       1.0422157      0.68582873      0.29938782       -0.972539      0.70052912        14.29641       151.93645       13.395674       18.705081      0.99325177       0.99325177       19.754876                   18.705081                                        1.0497944
             18       12.909602       65.658252     0.022298382      0.10647783      0.42318256     0.081932127        1.041434      0.67335345      0.30020915      -0.9747964      0.69970688       14.373687       152.69292       13.474603       18.754091      0.99325177       0.99325177       23.832701                   18.754091                                        5.0786098
             45        11.43977       65.418841      0.02224501        0.108425      0.45243745     0.079008345        1.042267      0.68579153      0.30683542     -0.97123573      0.69307975       14.329908       151.89479       13.390438       15.849339      0.99325177       0.99325177       20.893037                   15.849339                                        5.0436976
             26       12.771596        65.50386     0.022231654      0.10578202      0.44497132     0.085481778       1.0418907      0.66437735      0.29984857     -0.97203387      0.70006678       14.413573        153.3271       13.525194       21.269022      0.99325177       0.99325177       23.556689                   21.269022                                         2.287667
             48       10.326041       65.693536     0.022174979      0.10920842      0.46026221     0.073922392       1.0422687      0.69802356       0.3059278     -0.96980456       0.6939881       14.272505       151.22225       13.328463       15.248377      0.99325177       0.99325177       18.665579                   15.248377                                        3.4172013
             29       9.8807819       65.719513     0.022177928      0.11076441      0.45412472     0.067028487       1.0415641       0.7149838      0.30929542     -0.97060192      0.69062053       14.216032       150.15449       13.240643       13.449308      0.99325177       0.99325177        17.77506                   13.449308                                        4.3257519
             15       9.8509089       65.712369     0.022181081      0.11078904      0.45533703     0.066998407       1.0415619      0.71508436      0.30942701     -0.97044413      0.69048892       14.215636        150.1427       13.239645       13.440491      0.99325177       0.99325177       17.715314                   13.440491                                         4.274823
            135        8.627019       65.721113     0.022186677       0.1118205        0.471228      0.06424249       1.0419368      0.72316454      0.31174573      -0.9682848      0.68817028       14.177972       149.62002       13.187477       13.408535      0.99325177       0.99325177       15.267534                   13.408535                                        1.8589993
