#        weight    minuslogpost              H0         omega_b       omega_cdm      lambda_qtm       delta_qtm     theta_s_100          sigma8         Omega_m           w_qtm       Omega_qtm             age          rs_rec          da_rec       chi2__BAO   minuslogprior minuslogprior__0            chi2 chi2__bao.desi_2024_bao_all chi2__cmb_distance_prior.CMB_Distance_Prior_wcdm
              3       7322.3028        67.35725     0.021847437      0.11465002       0.3951663      0.11531596       1.0750229      0.64613438       0.3022738     -0.98068924      0.69764641       14.052724       155.13557        13.25853       148.68661      0.99325177       0.99325177       14642.619                   148.68661                                        14493.933
              1       1943.5737       67.506508     0.021615628       0.1233601      0.27164409     0.059080929       1.0589209      0.78729345      0.31954303     -0.99056803      0.68037753        13.73305       146.63527       12.699077       20.865071      0.99325177       0.99325177       3885.1609                   20.865071                                        3864.2959
              1       550.72545       67.103325     0.021532768      0.11976081       0.3636983     0.047325664        1.050803      0.78633504      0.31521706     -0.98127106      0.68470255       13.844539       146.77287       12.809267       15.055382      0.99325177       0.99325177       1099.4644                   15.055382                                         1084.409
              4       325.13431       66.236949     0.021550162      0.11455424      0.13080878     0.017308745       1.0357857      0.78618742      0.31168942     -0.99756945      0.68822807       14.074484       146.81896       13.001031       22.134069      0.99325177       0.99325177       648.28212                   22.134069                                        626.14805
              1       139.81582       66.757326      0.02170474      0.11612368      0.13089381     0.012859599       1.0383171      0.79507831       0.3107176     -0.99750928      0.68920117       13.975794       146.18686        12.91402       19.395123      0.99325177       0.99325177       277.64514                   19.395123                                        258.25001
              2       135.91087        66.39213     0.021748621      0.11732593      0.14664506    0.0093513355       1.0382176      0.79993776      0.31697228     -0.99687439       0.6829456       13.972591       145.78197       12.878909       24.684873      0.99325177       0.99325177       269.83525                   24.684873                                        245.15037
              4       58.042107       66.420755     0.021739364      0.11873572      0.15848729      0.01220976        1.040064      0.80537063      0.31987371     -0.99639238      0.68004423       13.930713        145.4621       12.826569       24.659498      0.99325177       0.99325177       114.09771                   24.659498                                        89.438212
              4       52.403314       66.293975     0.021579926      0.11870717      0.35660555     0.011005052        1.040761      0.80508996       0.3206706     -0.98147181      0.67924703       13.927473       145.57544       12.825759       22.582926      0.99325177       0.99325177       102.82012                   22.582926                                        80.237198
              6       46.633191       66.301236     0.021587805      0.11923711           0.356    0.0061553619        1.041075      0.80836393      0.32182381     -0.98155133      0.67809384       13.911293       145.37447       12.803709       23.419928      0.99325177       0.99325177       91.279879                   23.419928                                        67.859951
              1       41.921898       66.095563     0.021507356      0.11930532      0.38097788     0.022866388       1.0423095      0.80245136      0.32380181     -0.97914561      0.67611533       13.931781       145.74943       12.821086       22.026332      0.99325177       0.99325177       81.857292                   22.026332                                         59.83096
             16       35.430938       64.454848     0.021683229      0.11924322      0.57197217    -0.038743354        1.040842       0.7827759      0.34077044     -0.95475839      0.65914247       14.059736       146.29355       12.891054       34.847052      0.99325177       0.99325177       68.875373                   34.847052                                        34.028321
             11       31.960625       64.438126     0.021684568      0.11938671       0.5713463    -0.039698427       1.0411525      0.78243393      0.34129611     -0.95494763      0.65861674       14.058244       146.30621       12.888329       34.696005      0.99325177       0.99325177       61.934746                   34.696005                                        27.238741
              8       30.052919       64.474875     0.021692487       0.1189212       0.5646312    -0.046427861       1.0423892      0.77382574      0.33980637      -0.9561029      0.66010658       14.074289       146.81327       12.919027       29.530971      0.99325177       0.99325177       58.119335                   29.530971                                        28.588364
             26       29.298134       64.477851     0.021690489      0.11888117      0.56626025    -0.046134811       1.0422951      0.77398019      0.33967394     -0.95581621      0.66023902       14.074551       146.80682       12.919593       29.569743      0.99325177       0.99325177       56.609764                   29.569743                                        27.040021
             18       30.281285       64.683132     0.021677555      0.12023515      0.55983413    -0.035573644       1.0418468      0.79049482       0.3407266     -0.95659933      0.65918691         14.0109        145.8815       12.841059       34.303667      0.99325177       0.99325177       58.576066                   34.303667                                        24.272399
             10       28.419356       65.250901      0.02177394      0.11791429      0.32046898    -0.049445451        1.042798      0.77016362      0.32959819     -0.98631277      0.67031679       14.068911       147.20676       12.950986       22.771845      0.99325177       0.99325177       54.852208                   22.771845                                        32.080363
            148       18.597017       65.424865     0.021735223        0.110969      0.22342111     -0.06954317       1.0415912      0.71580574      0.31153154     -0.99437491      0.68838389       14.288576       150.68028       13.281076       13.636156      0.99325177       0.99325177        35.20753                   13.636156                                        21.571375
             20        20.82976       65.422372     0.021736965      0.11079229      0.22137942    -0.069148478       1.0412066      0.71565297      0.31114648     -0.99447984      0.68876894       14.293705       150.69035       13.286972       13.563096      0.99325177       0.99325177       39.673016                   13.563096                                        26.109919
             90       19.070314       65.405651     0.021736621      0.11075151      0.22033342    -0.070060107       1.0414444      0.71408577      0.31120946     -0.99459781      0.68870592       14.297889       150.78595       13.292578       13.618684      0.99325177       0.99325177       36.154124                   13.618684                                        22.535441
             24       19.487705       65.355987     0.021722159       0.1107361      0.22458671    -0.070362467       1.0414346      0.71351644      0.31161268     -0.99434164      0.68830257       14.303595       150.82988       13.296454       13.644305      0.99325177       0.99325177       36.988906                   13.644305                                          23.3446
              1       18.623406       64.413034     0.021858913      0.11434994      0.37561921     -0.06666607       1.0418272      0.72985445      0.32984263     -0.98161341      0.67007012       14.261129       149.42151       13.165297       19.513163      0.99325177       0.99325177       35.260308                   19.513163                                        15.747145
             69       19.034011        64.42349     0.021857938      0.11426737      0.37353072    -0.067216924       1.0419579      0.72875708      0.32953428     -0.98185125       0.6703785        14.26357       149.49338       13.170142       19.134757      0.99325177       0.99325177       36.081518                   19.134757                                        16.946761
