#        weight    minuslogpost              H0         omega_b       omega_cdm     theta_s_100          sigma8         Omega_m             age          rs_rec          da_rec       chi2__BAO   minuslogprior minuslogprior__0            chi2 chi2__bao.desi_2024_bao_all chi2__cmb_distance_prior.CMB_Distance_Prior_lcdm
              2       346.41656       67.889165     0.022483652      0.12591704       1.0492551      0.83727283       0.3233821       13.591011       142.96255       12.499237        20.35757      -1.3093333       -1.3093333       695.45179                    20.35757                                        675.09422
              1       190.21162       66.580854     0.022416092      0.12729575       1.0469012      0.83936092      0.33917354       13.671769       142.67392       12.500068       37.948932      -1.3093333       -1.3093333        383.0419                   37.948932                                        345.09297
              1       148.15107       66.481765     0.022421957      0.11861135        1.037672      0.80268447      0.32054988       13.913044       144.85884       12.811734       32.018222      -1.3093333       -1.3093333        298.9208                   32.018222                                        266.90258
              5       84.192847       67.141772     0.021897337       0.1169725       1.0392768      0.80079193      0.30947964       13.913293       145.69824       12.860581       18.644865      -1.3093333       -1.3093333       171.00436                   18.644865                                         152.3595
              1       38.382705       67.327429     0.022068003      0.12136498       1.0440655      0.81918517      0.31784175       13.771318       144.42589       12.688307       20.245599      -1.3093333       -1.3093333       79.384077                   20.245599                                        59.138478
             14        21.10192       68.180528     0.022073417      0.11723337       1.0422058      0.80354232      0.30106138       13.807684       145.49104       12.808313       13.455236      -1.3093333       -1.3093333       44.822508                   13.455236                                        31.367271
              4       23.203274       66.826229     0.021967045      0.11987122         1.04126      0.81203027       0.3190563       13.859624       144.88803       12.763135       23.923509      -1.3093333       -1.3093333       49.025214                   23.923509                                        25.101704
             18       24.786019       66.131557      0.02182106      0.12185942        1.041648        0.819395      0.33000681       13.872136       144.49075       12.719734       33.837424      -1.3093333       -1.3093333       52.190704                   33.837424                                        18.353281
             36       23.505126       66.187917      0.02183459      0.12201621       1.0419453       0.8201342      0.32983384       13.862391       144.44025       12.711709       33.208297      -1.3093333       -1.3093333       49.628919                   33.208297                                        16.420621
             19        22.88698       66.264489     0.021854551      0.12207452       1.0421836      0.82047788      0.32925024       13.853334       144.40994       12.706357       32.256086      -1.3093333       -1.3093333       48.392627                   32.256086                                         16.13654
             45       21.148715       67.005707     0.021966701      0.11959626       1.0415085      0.81135955      0.31673619       13.850983       144.95935       12.766603       21.746862      -1.3093333       -1.3093333       44.916096                   21.746862                                        23.169234
             70       19.942947       67.018906     0.021964612      0.11970026       1.0416642      0.81185776      0.31683832          13.847       144.93409       12.762353       21.654873      -1.3093333       -1.3093333       42.504561                   21.654873                                        20.849689
             73       15.550805       67.052988     0.022057326      0.12055845        1.042426      0.81502764      0.31863128       13.817978        144.6408       12.727718       22.464776      -1.3093333       -1.3093333       33.720277                   22.464776                                          11.2555
             10       15.285839       68.076385     0.022259995      0.11879758         1.04308       0.8089195      0.30576103       13.768998       144.93713       12.749954       14.701613      -1.3093333       -1.3093333       33.190346                   14.701613                                        18.488732
             25        13.92483       67.761449     0.022365516      0.11849607       1.0415362      0.80607076      0.30818296       13.802394       144.93281       12.770093       16.878361      -1.3093333       -1.3093333       30.468327                   16.878361                                        13.589967
             15       14.170208       67.777175     0.022458163      0.12024706       1.0431903      0.81310408      0.31205334       13.750934       144.40946       12.703519       17.974001      -1.3093333       -1.3093333       30.959083                   17.974001                                        12.985082
              5       11.582872       67.426655     0.022609731      0.12081325        1.042329      0.81357427      0.31688496       13.762751       144.14738       12.692394       22.522068      -1.3093333       -1.3093333       25.784411                   22.522068                                        3.2623431
              5        12.57779       67.347509     0.022587107      0.12117218       1.0425275      0.81503168      0.31837166       13.760753        144.0735       12.682891       23.462636      -1.3093333       -1.3093333       27.774246                   23.462636                                        4.3116096
             61       12.777458       67.367038     0.022584235      0.12118131       1.0426031      0.81514462      0.31820091       13.758847       144.07339       12.681918       23.224128      -1.3093333       -1.3093333       28.173583                   23.224128                                        4.9494549
             20       13.515185       67.534691     0.022611532       0.1209951       1.0428364      0.81464445      0.31627459       13.748213       144.09967       12.681892        21.49223      -1.3093333       -1.3093333       29.649036                    21.49223                                        8.1568063
             19       13.815298       67.527385     0.022611603      0.12104044       1.0428616      0.81481737      0.31644261       13.747643       144.08808       12.680528       21.594589      -1.3093333       -1.3093333       30.249263                   21.594589                                        8.6546739
              9       11.999571       67.954151     0.022367013      0.11929956       1.0429629      0.81007944      0.30818082       13.763308       144.72388       12.733582       15.916447      -1.3093333       -1.3093333       26.617809                   15.916447                                        10.701362
              5       11.951887       67.945818     0.022368828      0.11932475       1.0429599      0.81015465      0.30831491       13.763315       144.71597       12.732925       15.984481      -1.3093333       -1.3093333       26.522441                   15.984481                                         10.53796
             18       12.078807       67.752068     0.022324548      0.11865583       1.0417881      0.80700875      0.30852711       13.799983       144.92342       12.765513       16.814106      -1.3093333       -1.3093333        26.77628                   16.814106                                        9.9621732
              3       12.858477       68.269643     0.022426615      0.11750755       1.0418282      0.80268178        0.301622       13.782506       145.14191       12.786553       14.000957      -1.3093333       -1.3093333        28.33562                   14.000957                                        14.334663
             13       10.778708       68.445804     0.022425984      0.11769902       1.0425605      0.80398815      0.30047878       13.761652       145.09253       12.773055       13.442298      -1.3093333       -1.3093333       24.176082                   13.442298                                        10.733784
             32       10.818825       68.453221     0.022427153      0.11770922       1.0425904       0.8040448      0.30043793       13.760685       145.08896        12.77238        13.42526      -1.3093333       -1.3093333       24.256317                    13.42526                                        10.831057
             58        12.02484       68.316049       0.0223402      0.11794997       1.0426729      0.80531462      0.30197518       13.768646       145.09444       12.770534       13.720605      -1.3093333       -1.3093333       26.668347                   13.720605                                        12.947743
             26       9.8815672       68.250937     0.022565729      0.11887553       1.0428646      0.80773335      0.30502274        13.74311       144.67841       12.733669       14.851371      -1.3093333       -1.3093333       22.381801                   14.851371                                          7.53043
              2       8.5572519       68.157758     0.022551496      0.11860461       1.0423371      0.80639421      0.30524346       13.759098       144.75947       12.747298       15.206023      -1.3093333       -1.3093333        19.73317                   15.206023                                        4.5271478
              4        8.551665       68.157651     0.022551422      0.11860951       1.0423422      0.80641577      0.30525481       13.758976       144.75826       12.747124       15.207863      -1.3093333       -1.3093333       19.721997                   15.207863                                        4.5141334
              5       9.9590745        68.14274     0.022530547      0.11908646       1.0428606      0.80859428      0.30637062       13.747927       144.65141       12.730718       15.367553      -1.3093333       -1.3093333       22.536816                   15.367553                                        7.1692626
             18       8.9724605       68.003502     0.022550209      0.11930663       1.0426264      0.80905078       0.3081451       13.753774       144.57939       12.727303       16.373761      -1.3093333       -1.3093333       20.563588                   16.373761                                        4.1898268
             16        8.774007       67.933806     0.022534905      0.11902743       1.0421637      0.80774809      0.30813956       13.767944       144.66323       12.740377        16.66871      -1.3093333       -1.3093333       20.166681                    16.66871                                        3.4979706
              4       10.031863       68.136601     0.022457858      0.11815881       1.0420482      0.80499442      0.30427111       13.775666       144.94808        12.76663       14.856076      -1.3093333       -1.3093333       22.682393                   14.856076                                        7.8263174
             26       10.833799       68.152612     0.022464249      0.11801319       1.0419228      0.80435602      0.30382843       13.778044       144.98088       12.771261       14.756181      -1.3093333       -1.3093333       24.286265                   14.756181                                        9.5300846
              5       12.460468       68.088242     0.022441628      0.11795323       1.0417269      0.80407032      0.30422505       13.786027       145.01416       12.776355       14.989606      -1.3093333       -1.3093333       27.539603                   14.989606                                        12.549997
              2       12.690921       68.033522     0.022435584      0.11804943       1.0416831      0.80438719      0.30490939       13.788432        144.9939       12.774949        15.29231      -1.3093333       -1.3093333       28.000508                    15.29231                                        12.708198
             18       11.573983       68.033606       0.0224336      0.11815689       1.0418038      0.80487142      0.30513652       13.785541       144.96755       12.771031       15.317795      -1.3093333       -1.3093333       25.766633                   15.317795                                        10.448838
             20       10.277611       67.342113     0.022358732      0.12049066       1.0424131      0.81358763       0.3164163       13.785762       144.42421       12.712809       21.465941      -1.3093333       -1.3093333       23.173888                   21.465941                                        1.7079467
             10       10.464372       67.249409     0.022379519      0.12042804       1.0420141      0.81292283      0.31719675       13.795177       144.42412        12.71799       22.563684      -1.3093333       -1.3093333        23.54741                   22.563684                                       0.98372618
             32       10.470524       67.252052     0.022379633      0.12041401        1.042007      0.81286949      0.31714106       13.795318       144.42763       12.718398       22.527003      -1.3093333       -1.3093333       23.559714                   22.527003                                         1.032711
             20       10.492948        67.32842     0.022344269      0.12052384       1.0424457      0.81378562      0.31658629       13.786478       144.42693       12.712435       21.528039      -1.3093333       -1.3093333       23.604562                   21.528039                                        2.0765237
              4       11.114114       67.831991     0.022366542      0.11861404       1.0418702      0.80676826      0.30780093       13.792846       144.90145        12.76315       16.440638      -1.3093333       -1.3093333       24.846894                   16.440638                                        8.4062565
              4       12.351429       67.014153     0.022336889      0.12075478       1.0417662      0.81393045      0.32006036       13.808543       144.37355       12.715736       25.198263      -1.3093333       -1.3093333       27.321525                   25.198263                                        2.1232625
              3        11.31574       67.108884     0.022359282      0.12109359       1.0423444      0.81549985      0.31995944       13.790291       144.26968       12.699545       24.447693      -1.3093333       -1.3093333       25.250147                   24.447693                                       0.80245353
              3       11.037478       67.099421     0.022349529      0.12087815       1.0421171      0.81461776      0.31954953       13.797223       144.33223       12.707877       24.341825      -1.3093333       -1.3093333       24.693622                   24.341825                                        0.3517968
             20       12.041264        66.98421     0.022280018      0.12120101       1.0422958       0.8161162      0.32121435       13.800689       144.30362       12.702008       25.406778      -1.3093333       -1.3093333       26.701194                   25.406778                                        1.2944162
              8       12.181539       67.636734     0.022268248      0.11976333       1.0427708      0.81186706      0.31187804       13.781642       144.68128       12.730511       17.871105      -1.3093333       -1.3093333       26.981745                   17.871105                                        9.1106395
             28       11.860879       67.670479      0.02225456       0.1188922       1.0419833      0.80827278      0.30963486       13.802723       144.91687       12.761438       17.162273      -1.3093333       -1.3093333       26.340424                   17.162273                                        9.1781509
              3       11.554368       67.822144     0.022249247      0.11880188       1.0423544      0.80832506      0.30804369       13.791799       144.94441       12.759327       16.068929      -1.3093333       -1.3093333       25.727402                   16.068929                                         9.658473
             25       11.727815       67.790142     0.022312391      0.11948761       1.0428189      0.81080643      0.30996417       13.774266       144.71793       12.733951       16.829191      -1.3093333       -1.3093333       26.074296                   16.829191                                        9.2451045
             20       11.727523       67.439625     0.022335153      0.12047401       1.0427506      0.81394363      0.31541347        13.77815       144.44676       12.710387       20.331442      -1.3093333       -1.3093333       26.073713                   20.331442                                         5.742271
             16       10.970206       67.420302      0.02233541      0.12040683       1.0426216       0.8135994      0.31544706       13.781683       144.46377       12.713517       20.482113      -1.3093333       -1.3093333       24.559078                   20.482113                                        4.0769655
             49       10.185546       67.511975     0.022344551      0.12008234       1.0425299      0.81240029      0.31389909       13.782044       144.53991       12.721728       19.505613      -1.3093333       -1.3093333       22.989759                   19.505613                                        3.4841461
              8        11.42233       67.650183     0.022341804      0.11899525       1.0417994      0.80809683      0.31023647       13.799341       144.82211       12.756387       17.800876      -1.3093333       -1.3093333       25.463327                   17.800876                                        7.6624507
             27       11.673094       67.641099     0.022337857      0.11898296       1.0417697      0.80804441      0.31028431       13.800596       144.82836       12.757261       17.846386      -1.3093333       -1.3093333       25.964854                   17.846386                                        8.1184676
             26       9.6587768       67.692798     0.022350318      0.11924779       1.0421724      0.80925355      0.31041569       13.788424       144.75025        12.74539       17.624067      -1.3093333       -1.3093333        21.93622                   17.624067                                        4.3121531
             16       9.3358002       67.669297     0.022368513      0.11944657       1.0422643       0.8099324      0.31110517       13.784619       144.68481       12.738572       17.991538      -1.3093333       -1.3093333       21.290267                   17.991538                                         3.298729
             14       10.255065       67.680657     0.022366489      0.11911356       1.0419503      0.80853275      0.31026934       13.792722       144.77229        12.75037       17.742589      -1.3093333       -1.3093333       23.128797                   17.742589                                        5.3862081
              3       9.1711874       67.646052     0.022394764      0.11966945       1.0423604      0.81066203      0.31186345       13.779926       144.60699       12.730697       18.425691      -1.3093333       -1.3093333       20.961041                   18.425691                                        2.5353508
             22        9.954721       67.624172     0.022420894      0.12005845       1.0426352      0.81211101      0.31297306       13.770629       144.48674       12.716764       18.946228      -1.3093333       -1.3093333       22.528109                   18.946228                                        3.5818812
             27       9.9716379       67.622859      0.02241908      0.12005912       1.0426369      0.81212206      0.31298273       13.770777       144.48797       12.716829       18.947568      -1.3093333       -1.3093333       22.561943                   18.947568                                        3.6143746
              6       10.486981       67.424087      0.02233295      0.12029404       1.0425209      0.81314163      0.31515815       13.784464        144.4946        12.71752       20.367744      -1.3093333       -1.3093333       23.592628                   20.367744                                        3.2248837
             20       10.487579       67.558387     0.022309585      0.11938018         1.04202      0.80972485      0.31185291       13.797925       144.74782       12.746402       18.549556      -1.3093333       -1.3093333       23.593825                   18.549556                                        5.0442688
             31       9.8686858       67.906882     0.022350338      0.11893095       1.0424748      0.80845663      0.30777448       13.777978       144.83208       12.749164       16.004163      -1.3093333       -1.3093333       22.356038                   16.004163                                        6.3518756
             39        9.102565       67.731187     0.022396686      0.11932931       1.0422495      0.80940982      0.31034268       13.781525       144.69309       12.739943       17.601068      -1.3093333       -1.3093333       20.823797                   17.601068                                        3.2227286
             46       9.1628911       67.772837      0.02238715      0.11923557          1.0423      0.80917861      0.30973652       13.780622        144.7247       12.742065       17.200644      -1.3093333       -1.3093333       20.944449                   17.200644                                        3.7438048
