#        weight    minuslogpost              H0         omega_b       omega_cdm     theta_s_100          sigma8         Omega_m             age          rs_rec          da_rec       chi2__BAO   minuslogprior minuslogprior__0            chi2 chi2__bao.desi_2024_bao_all chi2__cmb_distance_prior.CMB_Distance_Prior_lcdm
             36       24.715446       66.379485     0.022230287      0.12351314       1.0430027      0.82438292      0.33222816        13.79409       143.75592       12.642644       35.668849      -1.3093333       -1.3093333       52.049559                   35.668849                                         16.38071
             10       22.824409       67.557559     0.022292183      0.12084881       1.0436115      0.81616283      0.31504027       13.758698       144.38416       12.693527       19.196336      -1.3093333       -1.3093333       48.267485                   19.196336                                        29.071149
              2        21.92049       67.144229     0.022239023       0.1216718        1.043376      0.81884581      0.32063845       13.774796       144.21532       12.680163       23.493109      -1.3093333       -1.3093333       46.459647                   23.493109                                        22.966538
             18       16.995371       67.199376     0.022218668      0.12115438       1.0430567      0.81693506      0.31892152       13.784359         144.363       12.697202       22.399997      -1.3093333       -1.3093333       36.609408                   22.399997                                        14.209411
             21       13.282886       66.781289      0.02234536      0.12177186       1.0421054      0.81752296      0.32459592       13.801704       144.10774       12.687451       29.116473      -1.3093333       -1.3093333       29.184439                   29.116473                                      0.067966255
             16        14.87669       66.823684     0.022328966       0.1220688       1.0425845      0.81900825      0.32481245       13.790353       144.04499       12.675638       28.593004      -1.3093333       -1.3093333       32.372048                   28.593004                                        3.7790432
             15       11.489881        67.25375     0.022289326      0.12003083       1.0418507      0.81181805      0.31607822       13.808018       144.59606       12.734295       21.640842      -1.3093333       -1.3093333       25.598429                   21.640842                                        3.9575871
             19       8.4900581       68.065273     0.022561498      0.11891656       1.0423667       0.8074451      0.30676846       13.758559       144.67111       12.739021       15.884597      -1.3093333       -1.3093333       19.598783                   15.884597                                        3.7141857
             85       8.6085436       68.066087     0.022561651      0.11880994       1.0422554       0.8069812      0.30653135       13.761376       144.69851       12.742885       15.843112      -1.3093333       -1.3093333       19.835754                   15.843112                                        3.9926417
             41       8.6364656       68.070251     0.022561377      0.11878486       1.0422419       0.8068846      0.30643911       13.761695        144.7052       12.743657       15.807899      -1.3093333       -1.3093333       19.891598                   15.807899                                        4.0836993
              9       9.7722975       68.072758     0.022538615      0.11926278       1.0428174      0.80912195      0.30739878       13.749135        144.5997       12.726649       15.868659      -1.3093333       -1.3093333       22.163262                   15.868659                                        6.2946024
              3       9.0204906       68.193017     0.022565176       0.1188672       1.0426849      0.80754654      0.30552199       13.748477       144.68099       12.736092       15.146767      -1.3093333       -1.3093333       20.659648                   15.146767                                        5.5128809
              8       10.153897       68.204588     0.022572518      0.11905649       1.0429005      0.80835585      0.30584102       13.742128       144.62645       12.728592       15.170774      -1.3093333       -1.3093333       22.926461                   15.170774                                        7.7556868
             26       9.2968639       68.105632     0.022582992      0.11857397        1.042065      0.80591725      0.30571274       13.763699       144.74282       12.749585       15.611308      -1.3093333       -1.3093333       21.212394                   15.611308                                        5.6010869
             10       9.4245735       68.602334     0.022616139        0.117779       1.0426041      0.80350974      0.29968312       13.740446       144.92286       12.759929       13.369454      -1.3093333       -1.3093333       21.467814                   13.369454                                        8.0983592
             15       9.5577773       68.608852     0.022614201      0.11757209       1.0424065      0.80262506       0.2991825       13.745555       144.97813       12.767365       13.315827      -1.3093333       -1.3093333       21.734221                   13.315827                                        8.4183946
             10       9.5268119       68.601176     0.022614702      0.11759192       1.0424037      0.80268972      0.29929267        13.74568       144.97258         12.7669        13.34011      -1.3093333       -1.3093333       21.672291                    13.34011                                        8.3321809
             15       9.3263436       68.247405     0.022546262      0.11873179       1.0427533      0.80722226       0.3047039       13.747845       144.73068       12.739502        14.76278      -1.3093333       -1.3093333       21.271354                    14.76278                                        6.5085739
             13       9.8736173       68.171687      0.02245862      0.11874178       1.0427732      0.80763496      0.30521405        13.75666       144.79648        12.74393       14.854262      -1.3093333       -1.3093333       22.365901                   14.854262                                        7.5116389
              7       9.5225195       68.000964      0.02244311      0.11853571       1.0420862      0.80638051      0.30626933       13.777847       144.86191        12.75807       15.666152      -1.3093333       -1.3093333       21.663706                   15.666152                                        5.9975532
              5        8.978719       68.054109     0.022450306      0.11859687       1.0422906      0.80674265      0.30593878        13.77126       144.84046       12.753718       15.405763      -1.3093333       -1.3093333       20.576105                   15.405763                                        5.1703413
              6       8.7328237       67.974928     0.022462193      0.11900429       1.0424565      0.80823082      0.30755941       13.766893       144.72588       12.741411        16.06863      -1.3093333       -1.3093333       20.084314                    16.06863                                        4.0156837
              1       8.8707032       67.952671     0.022452221      0.11883391       1.0422356      0.80749347      0.30737033       13.773773       144.77766       12.748687       16.105718      -1.3093333       -1.3093333       20.360073                   16.105718                                        4.2543551
              5       9.3747501       67.687306     0.022410735      0.11932099       1.0420719      0.80916262       0.3107577        13.78528       144.68429       12.741525        18.01484      -1.3093333       -1.3093333       21.368167                    18.01484                                        3.3533266
             18       9.6251259        68.19903     0.022498824      0.11877301       1.0427803      0.80758258      0.30512294       13.752298       144.75704       12.740858       14.859432      -1.3093333       -1.3093333       21.868918                   14.859432                                         7.009486
              3       9.8271675       68.189402     0.022498431       0.1188363         1.04282      0.80783603      0.30534438       13.751444         144.741       12.738903         14.9259      -1.3093333       -1.3093333       22.273002                     14.9259                                        7.3471014
             43       9.6690287       68.229411      0.02251814       0.1187605       1.0428056       0.8074829      0.30486589       13.749422        144.7452       12.739761       14.768391      -1.3093333       -1.3093333       21.956724                   14.768391                                        7.1883328
              2       11.712341       67.685976     0.022521109      0.11921468       1.0416599      0.80798029      0.31077878       13.785288       144.62572       12.742903       18.583414      -1.3093333       -1.3093333       26.043349                   18.583414                                        7.4599342
             21       12.236232       67.680768     0.022421476      0.12021984       1.0429725      0.81295937      0.31280345       13.761219        144.4449       12.708843       18.547848      -1.3093333       -1.3093333       27.091132                   18.547848                                         8.543284
             10       9.1353622        67.67887     0.022406642      0.11966096       1.0424176      0.81063806      0.31156847       13.776911       144.59993       12.729536       18.216542      -1.3093333       -1.3093333       20.889391                   18.216542                                        2.6728487
             10       9.1484799       67.653268     0.022393339      0.11961731       1.0423306      0.81046569      0.31167988       13.780736       144.62152       12.732365       18.333669      -1.3093333       -1.3093333       20.915627                   18.333669                                         2.581958
             15       9.1220291       67.664508     0.022396895      0.11960724        1.042344      0.81042987      0.31156211       13.779912       144.62134       12.732239       18.256072      -1.3093333       -1.3093333       20.862725                   18.256072                                        2.6066529
             59       9.8307321       67.664493     0.022441932      0.12000585       1.0426438      0.81185854      0.31253125       13.767895       144.48389       12.716722       18.693825      -1.3093333       -1.3093333       22.280131                   18.693825                                        3.5863059
              8       12.058486       68.257497     0.022617221      0.11793499       1.0417431      0.80329426      0.30305588       13.766689       144.88153       12.766715       14.723913      -1.3093333       -1.3093333       26.735638                   14.723913                                        12.011725
              1         10.2516       68.524765     0.022496477      0.11749055        1.042383      0.80281298      0.29949284       13.758428       145.09158       12.776223       13.318303      -1.3093333       -1.3093333       23.121867                   13.318303                                        9.8035641
              4       11.097472       68.489645     0.022502522      0.11734441        1.042105      0.80203692      0.29950142       13.765368       145.12492       12.782768       13.401215      -1.3093333       -1.3093333        24.81361                   13.401215                                        11.412394
             36       9.7488812       68.460471     0.022503754      0.11770736       1.0424056      0.80355699      0.30053376       13.758003       145.02945       12.770384       13.553184      -1.3093333       -1.3093333       22.116429                   13.553184                                        8.5632456
              4       9.6587977       67.916506     0.022470618      0.11873852        1.041977      0.80686094      0.30753085       13.779086       144.78797       12.753074       16.385996      -1.3093333       -1.3093333       21.936262                   16.385996                                         5.550266
             22       9.6711723       67.930399     0.022477635       0.1187132       1.0419727      0.80674214      0.30736541       13.778348       144.78904       12.753331       16.315526      -1.3093333       -1.3093333       21.961011                   16.315526                                        5.6454854
              8       8.7084825       68.038837     0.022480222      0.11890149       1.0424895      0.80783696      0.30679878        13.76352       144.73837       12.742423       15.712557      -1.3093333       -1.3093333       20.035632                   15.712557                                        4.3230742
             43       9.0578214        68.35814     0.022556249      0.11802948       1.0423066      0.80436853      0.30223591       13.756854       144.90469       12.761004       14.112102      -1.3093333       -1.3093333       20.734309                   14.112102                                        6.6222075
              8       9.8831006       68.496678     0.022539275      0.11803403       1.0427688      0.80486003      0.30098811       13.744934       144.91678       12.756193       13.575586      -1.3093333       -1.3093333       22.384868                   13.575586                                        8.8092822
             63       9.4899832       68.511143     0.022550224      0.11770052       1.0424249      0.80335591      0.30017379       13.752438       144.99483       12.767694       13.491584      -1.3093333       -1.3093333       21.598633                   13.491584                                        8.1070488
             14       9.3076146       68.264411     0.022482296       0.1184054       1.0426273      0.80625408      0.30371443        13.75694       144.86505       12.752335       14.395471      -1.3093333       -1.3093333       21.233896                   14.395471                                        6.8384249
              2       9.4441444        68.23957     0.022473518      0.11809652       1.0422464      0.80489036      0.30325343       13.767794       144.95199         12.7648       14.398891      -1.3093333       -1.3093333       21.506955                   14.398891                                        7.1080643
             55       9.6057487       68.239985     0.022473482      0.11805107        1.042199      0.80469197      0.30315206       13.768998       144.96382       12.766459       14.385215      -1.3093333       -1.3093333       21.830164                   14.385215                                        7.4449492
             12       9.6270397       68.277772     0.022456816      0.11830659       1.0426296      0.80602171      0.30332898       13.759137       144.91056       12.756071        14.23954      -1.3093333       -1.3093333       21.872746                    14.23954                                        7.6332056
             14       10.296723       68.199127     0.022432254      0.11798484       1.0421163      0.80456193      0.30328439       13.775559       145.01328       12.771358       14.428053      -1.3093333       -1.3093333       23.212112                   14.428053                                        8.7840591
             42         9.23055       68.227984     0.022473947      0.11819022       1.0423111       0.8052685      0.30355864       13.766256       144.92735       12.761764       14.477009      -1.3093333       -1.3093333       21.079767                   14.477009                                        6.6027575
             32       10.435693       67.590758     0.022481972      0.11954256       1.0418274      0.80939415      0.31228704       13.785932       144.57179       12.735331       19.343794      -1.3093333       -1.3093333       23.490053                   19.343794                                        4.1462597
              2       11.523633       67.519888     0.022579174      0.12075283       1.0426266      0.81377566      0.31581088       13.756906       144.18643       12.691872       21.286189      -1.3093333       -1.3093333       25.665933                   21.286189                                        4.3797438
             23       11.401085       67.393578     0.022586962      0.12055837        1.042025      0.81253765       0.3165848       13.773177       144.23001       12.703298       22.567819      -1.3093333       -1.3093333       25.420837                   22.567819                                        2.8530189
              8       10.277249       67.557371     0.022575658      0.12042877        1.042409      0.81251263       0.3147428       13.762394       144.27187       12.702268        20.70592      -1.3093333       -1.3093333       23.173165                    20.70592                                        2.4672449
             44       11.320811       67.555456     0.022535745      0.12063133       1.0427226      0.81363648      0.31511704       13.758183       144.25104       12.695941       20.576861      -1.3093333       -1.3093333       25.260289                   20.576861                                         4.683429
              1       12.126575       67.559919     0.022535612      0.12072138       1.0428305      0.81403612      0.31527242       13.755366       144.22815       12.692537       20.582105      -1.3093333       -1.3093333       26.871816                   20.582105                                        6.2897116
             64       11.677392       68.027111     0.022495565      0.11825837       1.0417277      0.80489583        0.305548       13.781655       144.89278       12.766082       15.626758      -1.3093333       -1.3093333        25.97345                   15.626758                                        10.346692
              6       13.838067       68.076153     0.022604134      0.11981255       1.0432322      0.81109283      0.30869579       13.732227       144.40751       12.705051       16.325416      -1.3093333       -1.3093333       30.294801                   16.325416                                        13.969385
              5       10.659354        67.98981     0.022471469      0.11841746       1.0418509      0.80564954      0.30617536        13.78129       144.87039       12.762159        15.80731      -1.3093333       -1.3093333       23.937374                    15.80731                                        8.1300641
              4       9.5813777       67.891167     0.022488896       0.1195593       1.0427233       0.8102424      0.30958085       13.758561        144.5621       12.723611       16.966839      -1.3093333       -1.3093333       21.781422                   16.966839                                        4.8145835
             58        9.083687       68.499076     0.022631355      0.11793533       1.0424242      0.80383329      0.30095291       13.744902       144.87039       12.757571       13.749571      -1.3093333       -1.3093333       20.786041                   13.749571                                        7.0364691
             26       9.1560108       68.407315     0.022643612      0.11808103       1.0422746      0.80415652       0.3020984       13.748721       144.82304       12.755263       14.161758      -1.3093333       -1.3093333       20.930688                   14.161758                                          6.76893
              4       11.249426       67.930062     0.022524749       0.1197733       1.0429688       0.8110422      0.30976788       13.748358       144.47924       12.713599       16.947549      -1.3093333       -1.3093333       25.117519                   16.947549                                        8.1699701
              2       12.346394       68.624645     0.022423254      0.11704163       1.0423905      0.80155671      0.29751296       13.763868       145.26617        12.79095       12.950863      -1.3093333       -1.3093333       27.311455                   12.950863                                        14.360591
             16        12.44011       68.522449     0.022379151      0.11726113       1.0424414      0.80255527      0.29877461       13.768117       145.24346       12.787576        13.10946      -1.3093333       -1.3093333       27.498887                    13.10946                                        14.389428
              7        12.30127       68.285003     0.022403979      0.11752853       1.0419569      0.80296143      0.30148278       13.781186        145.1542        12.78575       13.889201      -1.3093333       -1.3093333       27.221206                   13.889201                                        13.332005
             13       12.533682       67.478533     0.022170842      0.11947981       1.0422578      0.81084117      0.31250554        13.80613       144.83025       12.748859       18.496896      -1.3093333       -1.3093333        27.68603                   18.496896                                        9.1891335
             33       11.883606       67.243274     0.022214781      0.12039762       1.0424054      0.81384936      0.31682304       13.801017       144.55977       12.723043       21.451133      -1.3093333       -1.3093333       26.385879                   21.451133                                        4.9347465
             63       11.880452       67.104148     0.022273576       0.1209751       1.0424366      0.81553999      0.31955114       13.796232       144.36629       12.705915       23.757903      -1.3093333       -1.3093333        26.37957                   23.757903                                        2.6216672
             17       9.1237933        67.65457      0.02242881      0.11980215       1.0424346      0.81103726      0.31214922       13.774647       144.54639       12.724779       18.606061      -1.3093333       -1.3093333       20.866253                   18.606061                                        2.2601921
              5       9.0236789       67.667048      0.02242882      0.11972822       1.0423938      0.81075213      0.31187268       13.775539       144.56538       12.727011       18.466322      -1.3093333       -1.3093333       20.666024                   18.466322                                        2.1997021
             31       9.5765938       67.437091     0.022437571      0.12018454        1.042164      0.81202577      0.31502587       13.783436       144.44145       12.718634       20.857845      -1.3093333       -1.3093333       21.771854                   20.857845                                        0.9140097
             19       9.5341937       67.447932     0.022444048      0.12024792       1.0422457      0.81228632      0.31507817       13.780579       144.42019       12.715795       20.827591      -1.3093333       -1.3093333       21.687054                   20.827591                                       0.85946347
             42       9.5549231       67.444505     0.022442066      0.12027298       1.0422671      0.81239736      0.31516092        13.78026        144.4153       12.715058       20.862522      -1.3093333       -1.3093333       21.728513                   20.862522                                       0.86599073
             18       9.8403283        67.82886     0.022338216      0.11905158       1.0424026      0.80884997      0.30871879       13.781969       144.81035       12.747875       16.503998      -1.3093333       -1.3093333       22.299323                   16.503998                                        5.7953256
              1        10.60649       67.865641     0.022305058      0.11872113       1.0422491      0.80772639       0.3075948       13.788602       144.92173       12.759411       15.997681      -1.3093333       -1.3093333       23.831646                   15.997681                                        7.8339646
             23        10.59147       67.865745      0.02230503      0.11872918       1.0422581      0.80776191      0.30761127       13.788374       144.91966       12.759112       15.999865      -1.3093333       -1.3093333       23.801607                   15.999865                                         7.801742
              1       10.556823       67.867963     0.022305257      0.11874646       1.0422825      0.80784184      0.30762918       13.787698       144.91501       12.758391       15.993259      -1.3093333       -1.3093333       23.732312                   15.993259                                        7.7390533
             42       9.9036128        67.46326     0.022428154      0.11990658       1.0419748      0.81096341       0.3141501       13.788889       144.52008       12.727981       20.388298      -1.3093333       -1.3093333       22.425892                   20.388298                                        2.0375942
             14       10.569542       67.403799     0.022449987      0.12002384       1.0418621      0.81116102      0.31501078       13.790426       144.47302       12.725395       21.187644      -1.3093333       -1.3093333        23.75775                   21.187644                                        2.5701055
             29       10.573385       67.810675     0.022530675      0.11998861       1.0428237      0.81160872      0.31134073       13.752976        144.4194       12.709998        17.96711      -1.3093333       -1.3093333       23.765436                    17.96711                                        5.7983264
              7       9.7269614       68.106127     0.022644023      0.11869987       1.0420372      0.80607263       0.3061113       13.758576       144.66271       12.743531       15.897442      -1.3093333       -1.3093333       22.072589                   15.897442                                        6.1751476
             21       9.8478331       68.016424     0.022634422      0.11889412       1.0420021      0.80674307      0.30731839       13.761524       144.62009       12.739923       16.507053      -1.3093333       -1.3093333       22.314333                   16.507053                                        5.8072797
              5       11.339424       67.998812     0.022635515      0.11873599       1.0417787      0.80599936      0.30713799       13.767351       144.66002       12.746319       16.573517      -1.3093333       -1.3093333       25.297515                   16.573517                                        8.7239978
              4       9.1124782       68.262657     0.022683317      0.11864872       1.0423435      0.80600917      0.30468361       13.745032       144.64528       12.738788       15.127294      -1.3093333       -1.3093333       20.843623                   15.127294                                        5.7163293
              4       11.018307       68.319892     0.022688906      0.11907918       1.0429555      0.80800562      0.30510752        13.72818       144.53001       12.720879        14.97574      -1.3093333       -1.3093333       24.655281                    14.97574                                        9.6795408
             25       10.205572       68.755835     0.022714006      0.11775296       1.0427702      0.80315419      0.29849843       13.724957       144.85307          12.753       13.147698      -1.3093333       -1.3093333        23.02981                   13.147698                                        9.8821124
             64       10.240718       68.780154     0.022720111      0.11768448       1.0427527      0.80287407      0.29815554       13.724508       144.86606       12.754492       13.095957      -1.3093333       -1.3093333       23.100103                   13.095957                                        10.004145
             21       10.049298       68.785273     0.022727225      0.11753408       1.0425875      0.80217544      0.29780833       13.727949       144.89953       12.759675       13.077168      -1.3093333       -1.3093333       22.717263                   13.077168                                        9.6400947
             20       9.5118194       68.497225     0.022706331      0.11802581       1.0423151      0.80374064      0.30132183       13.740569       144.78835       12.752544       13.958376      -1.3093333       -1.3093333       21.642306                   13.958376                                         7.683929
              5       9.1411759       68.400814     0.022694396      0.11840994       1.0424705      0.80525481      0.30296736       13.738988        144.6983       12.742243        14.41638      -1.3093333       -1.3093333       20.901018                    14.41638                                        6.4846384
              9       9.9864678       68.654159     0.022585097      0.11736751       1.0423987      0.80202498      0.29829196       13.747923       145.05416       12.773962       13.132368      -1.3093333       -1.3093333       22.591602                   13.132368                                        9.4592345
              9       11.022728       68.091475     0.022525256      0.11822882       1.0418087      0.80474404      0.30497092       13.775927       144.87723       12.764122       15.359696      -1.3093333       -1.3093333       24.664122                   15.359696                                        9.3044257
             24       11.039195       68.095437     0.022524247       0.1182154       1.0418088      0.80470238      0.30490433       13.775968       144.88149       12.764494       15.329395      -1.3093333       -1.3093333       24.697057                   15.329395                                        9.3676614
             59       11.633133       67.867021     0.022433882      0.11972976       1.0429788      0.81127341      0.31005183       13.757582       144.56105       12.719555        16.95214      -1.3093333       -1.3093333       25.884934                    16.95214                                         8.932794
             16       11.372439       67.580083     0.022491278      0.12052141       1.0428008      0.81352257      0.31454937       13.760152       144.31358       12.700021        20.00098      -1.3093333       -1.3093333       25.363544                    20.00098                                        5.3625642
              3       9.8586361       67.792765      0.02246622      0.11978185       1.0427255       0.8110852      0.31091512       13.761893       144.52253       12.719625       17.681031      -1.3093333       -1.3093333       22.335939                   17.681031                                         4.654908
             37       9.6118971        67.74725     0.022465321       0.1198418       1.0426553      0.81122564       0.3114617        13.76434       144.50784       12.719126       18.061191      -1.3093333       -1.3093333       21.842461                   18.061191                                        3.7812699
             14       8.7305225       67.788207     0.022452111      0.11938317       1.0423284      0.80943791      0.31005863       13.773481       144.63605       12.734621       17.469832      -1.3093333       -1.3093333       20.079712                   17.469832                                        2.6098793
             18       8.7735236        67.79198     0.022451041      0.11943801       1.0424005      0.80969294      0.31014112       13.771686       144.62276       12.732509       17.459572      -1.3093333       -1.3093333       20.165714                   17.459572                                        2.7061417
             11       11.480849       68.590209     0.022564741      0.11716178       1.0420412      0.80108208      0.29836788       13.759755       145.12373        12.78439        13.22039      -1.3093333       -1.3093333       25.580364                    13.22039                                        12.359974
             13       10.407245         68.2333     0.022386449      0.11818408       1.0425541      0.80582496      0.30331022       13.768337       144.99739       12.763843       14.200207      -1.3093333       -1.3093333       23.433157                   14.200207                                        9.2329498
              2       9.1468552       68.061123     0.022435553      0.11876593       1.0425312      0.80759586      0.30620883       13.766439       144.80824       12.747608       15.366869      -1.3093333       -1.3093333       20.912377                   15.366869                                        5.5455081
             41       9.1991714       68.067363     0.022425952      0.11868174       1.0424857      0.80730737      0.30595026       13.768436       144.83751       12.750688       15.269494      -1.3093333       -1.3093333       21.017009                   15.269494                                        5.7475156
              8       9.7020495       67.944566     0.022385095      0.11863209       1.0421759      0.80702821       0.3068611       13.781819       144.88228       12.757941       15.806397      -1.3093333       -1.3093333       22.022766                   15.806397                                        6.2163689
              9       9.6530292       68.038867     0.022393064      0.11847815       1.0422715      0.80655559      0.30569574       13.777409       144.91593       12.759966       15.240624      -1.3093333       -1.3093333       21.924725                   15.240624                                        6.6841008
             43       12.389228       67.409862     0.022276067       0.1204107       1.0427537      0.81397389      0.31542271       13.784116       144.50885       12.715102       20.209222      -1.3093333       -1.3093333       27.397122                   20.209222                                        7.1879006
             18       12.389835       67.413037     0.022273515      0.12039265       1.0427511      0.81392194      0.31534766        13.78439       144.51546       12.715698         20.1533      -1.3093333       -1.3093333       27.398336                     20.1533                                        7.2450364
              4       11.193599       67.165487     0.022275565      0.12040985       1.0420224      0.81328551      0.31771917          13.806       144.50946       12.724074       22.719381      -1.3093333       -1.3093333       25.005865                   22.719381                                        2.2864841
             22       11.363852       67.168906     0.022276903      0.12033376        1.041949      0.81296028      0.31752114       13.807723       144.52793       12.726678       22.644823      -1.3093333       -1.3093333        25.34637                   22.644823                                         2.701547
             20       9.3798539       67.744802     0.022393053      0.11916279       1.0421232      0.80874795      0.30984719       13.784939       144.73888       12.745612       17.407385      -1.3093333       -1.3093333       21.378374                   17.407385                                        3.9709895
             25       9.1461386       67.738193      0.02238794      0.11933129       1.0422959      0.80949445      0.31026375       13.781085        144.6994       12.739817       17.504167      -1.3093333       -1.3093333       20.910944                   17.504167                                        3.4067772
              3       10.014562       68.372189     0.022453158      0.11802866       1.0426228      0.80507201      0.30188944       13.758441       144.98554       12.762941       13.799754      -1.3093333       -1.3093333       22.647791                   13.799754                                        8.8480367
             11       9.7498052       67.682789     0.022393569      0.11922662       1.0420044      0.80885282       0.3105557       13.788716       144.72201       12.745534       17.917561      -1.3093333       -1.3093333       22.118277                   17.917561                                        4.2007157
