#        weight    minuslogpost              H0         omega_b       omega_cdm     theta_s_100          sigma8         Omega_m             age          rs_rec          da_rec       chi2__BAO   minuslogprior minuslogprior__0            chi2 chi2__bao.desi_2024_bao_all chi2__cmb_distance_prior.CMB_Distance_Prior_lcdm
              4       53.679014       67.284115     0.022164636      0.12228239       1.0446287      0.82232699      0.32049103       13.747961       144.11756       12.654892       21.848953      -1.3093333       -1.3093333       109.97669                   21.848953                                        88.127742
              5       39.823671       67.238688     0.022178785      0.12201259       1.0441751      0.82095908      0.32035876       13.758846       144.17517       12.665861       22.246088      -1.3093333       -1.3093333       82.266009                   22.246088                                        60.019921
              1       32.676901       66.834874     0.022051923      0.11940486       1.0405644       0.8094978      0.31811974       13.869321       144.94237       12.777987       24.193484      -1.3093333       -1.3093333       67.972468                   24.193484                                        43.778985
              7       33.664414       67.964416     0.021914461       0.1186319       1.0434913      0.81015745      0.30566259        13.79291       145.25045       12.768065       14.176382      -1.3093333       -1.3093333       69.947494                   14.176382                                        55.771111
             36       20.811788        67.79148     0.021988886      0.11823501       1.0423496       0.8074696       0.3065224       13.817194       145.29552       12.787351       15.059637      -1.3093333       -1.3093333       44.242243                   15.059637                                        29.182605
              6       20.744299       67.624872     0.021981887      0.11836793       1.0420125      0.80764711      0.30830998       13.828651       145.26637       12.788714       16.036373      -1.3093333       -1.3093333       44.107265                   16.036373                                        28.070892
              5       20.866901       67.621091     0.021980245      0.11836056       1.0419976      0.80761541      0.30832474       13.829238       145.26958       12.789164       16.050519      -1.3093333       -1.3093333       44.352469                   16.050519                                        28.301951
              7       21.202289       67.602843     0.021991082      0.11829304       1.0418416      0.80720051      0.30836719       13.832434       145.27867       12.792082       16.186525      -1.3093333       -1.3093333       45.023245                   16.186525                                         28.83672
              8       19.284666       67.598156     0.021995527      0.11862526       1.0421723      0.80860704      0.30914672       13.823599       145.18868       12.779874        16.36552      -1.3093333       -1.3093333       41.187998                    16.36552                                        24.822479
             11       17.272607       67.167006      0.02199832      0.11973408       1.0420548      0.81219912      0.31559233       13.831827       144.89907       12.754906       20.407596      -1.3093333       -1.3093333        37.16388                   20.407596                                        16.756284
             21       17.863876       67.163208     0.021978337      0.11996193       1.0423383      0.81329945      0.31608883       13.826488       144.85581       12.747169       20.444456      -1.3093333       -1.3093333       38.346418                   20.444456                                        17.901962
              1       17.984595       67.144063     0.021984896      0.12016963       1.0424831      0.81409448      0.31674437       13.822362       144.79715       12.740147       20.791881      -1.3093333       -1.3093333       38.587856                   20.791881                                        17.795975
              2       17.167817        67.74908     0.022072676        0.118817       1.0426234      0.80934701       0.3083567        13.80273       145.07848       12.765505       15.809135      -1.3093333       -1.3093333       36.954301                   15.809135                                        21.145166
             20       18.077904       67.694068     0.022090172      0.11824951       1.0418042      0.80660875      0.30765789        13.82273       145.21235        12.78805       16.007536      -1.3093333       -1.3093333       38.774475                   16.007536                                         22.76694
             26        18.27893       67.635409     0.022104485      0.11959521        1.043027      0.81220674      0.31116476       13.790779       144.85216       12.740413       17.004586      -1.3093333       -1.3093333       39.176527                   17.004586                                        22.171941
             21         14.9563       67.538512      0.02209332      0.11921195       1.0423596      0.81035327      0.31119355       13.810192       144.95997       12.758239        17.48925      -1.3093333       -1.3093333       32.531267                    17.48925                                        15.042016
              4        15.32126       67.522364     0.022080504      0.11915729       1.0422873      0.81015575      0.31119442       13.813481       144.98413       12.761129       17.522919      -1.3093333       -1.3093333       33.261188                   17.522919                                        15.738269
              1       15.364461       67.361925     0.022072644      0.11977298       1.0424819      0.81242536      0.31401809        13.81125       144.83109        12.74465       19.085928      -1.3093333       -1.3093333       33.347589                   19.085928                                        14.261661
             25       10.684023       68.105573     0.022344614      0.11844223       1.0425614      0.80689146      0.30491532        13.77378       144.96311       12.759978       14.720558      -1.3093333       -1.3093333       23.986712                   14.720558                                         9.266154
              2       10.704295       68.104091     0.022342016      0.11842457        1.042545      0.80682718      0.30488492       13.774464       144.96972       12.760742       14.714255      -1.3093333       -1.3093333       24.027256                   14.714255                                        9.3130014
             56       10.026092       68.258606     0.022429439      0.11796279       1.0422773      0.80463942      0.30270269       13.770956       145.02121       12.770066       14.158247      -1.3093333       -1.3093333       22.670851                   14.158247                                        8.5126043
             31       9.4373656       68.202122     0.022454582      0.11850967       1.0426272      0.80672659      0.30443405       13.760379       144.85969       12.751422       14.625406      -1.3093333       -1.3093333       21.493398                   14.625406                                        6.8679922
             16       9.9538003       68.219374     0.022458084      0.11860693        1.042773      0.80717531       0.3044966       13.756111       144.83178       12.747146       14.582915      -1.3093333       -1.3093333       22.526267                   14.582915                                        7.9433525
             19       9.4771815       68.151588     0.022627124      0.11917875       1.0427259      0.80839239       0.3066977       13.742034       144.55246       12.724797       15.716601      -1.3093333       -1.3093333        21.57303                   15.716601                                        5.8564284
             14       9.7776166       68.252822     0.022539527      0.11878049       1.0428393      0.80749329      0.30474561       13.746228       144.72336       12.737681       14.728936      -1.3093333       -1.3093333         22.1739                   14.728936                                        7.4449636
             61       8.8029757       68.071094     0.022581439      0.11914759       1.0425757      0.80833781      0.30725764       13.751241       144.59604       12.729916       16.012813      -1.3093333       -1.3093333       20.224618                   16.012813                                        4.2118052
             16       9.6136505       68.484383     0.022660111      0.11837668       1.0427751      0.80554987      0.30208439       13.733438       144.73364        12.74123       13.967041      -1.3093333       -1.3093333       21.845968                   13.967041                                        7.8789264
             12       8.8184048       68.235908     0.022631599      0.11878776       1.0425502      0.80688194      0.30511007       13.745033       144.64971       12.735887        15.12837      -1.3093333       -1.3093333       20.255476                    15.12837                                        5.1271063
              4       8.6944297       68.268772     0.022628034      0.11859094       1.0424482      0.80613121      0.30438644       13.747556        144.7033       12.741972       14.885774      -1.3093333       -1.3093333       20.007526                   14.885774                                        5.1217519
             15       8.7455707        68.26132     0.022628024      0.11867871       1.0425194      0.80649571      0.30464123       13.745836       144.68064       12.739033       14.949556      -1.3093333       -1.3093333       20.109808                   14.949556                                        5.1602517
             10       8.9797135       68.353575     0.022630122      0.11853199       1.0426321      0.80608299      0.30350993       13.741597        144.7169       12.740997       14.468292      -1.3093333       -1.3093333       20.578094                   14.468292                                         6.109802
             42       8.8174746       68.042795      0.02261353      0.11900977       1.0422594      0.80745321      0.30728489       13.756614       144.60656       12.735228       16.280948      -1.3093333       -1.3093333       20.253616                   16.280948                                        3.9726684
             48       8.8992197       68.018694     0.022605578      0.11900263       1.0422013      0.80740917      0.30747007       13.759162       144.61459        12.73655       16.402591      -1.3093333       -1.3093333       20.417106                   16.402591                                        4.0145147
             25       8.8844862       68.314977     0.022547756      0.11838953       1.0425857       0.8058919      0.30337126       13.751113       144.81802       12.749546       14.359337      -1.3093333       -1.3093333       20.387639                   14.359337                                         6.028302
             24       8.7971385       68.320519     0.022549046      0.11829955       1.0425027      0.80550336      0.30313202       13.753033       144.84031       12.752616       14.315765      -1.3093333       -1.3093333       20.212944                   14.315765                                        5.8971788
             25       9.9461912       68.457137     0.022532596      0.11761769       1.0422223      0.80296522      0.30043324       13.759958       145.03017       12.773134        13.60778      -1.3093333       -1.3093333       22.511049                    13.60778                                        8.9032686
              8        9.643489       68.493508     0.022524702      0.11786861        1.042621      0.80421763      0.30063228       13.750113       144.97113        12.76274       13.524345      -1.3093333       -1.3093333       21.905645                   13.524345                                        8.3812997
             18       10.346938       68.354336     0.022584079      0.11782114       1.0419977      0.80326108      0.30188321       13.762111         144.937       12.768161       14.155717      -1.3093333       -1.3093333       23.312542                   14.155717                                        9.1568246
              5       9.0363421       68.343017     0.022582661      0.11848066        1.042673      0.80613848       0.3033922        13.74521        144.7672       12.744371       14.361415      -1.3093333       -1.3093333       20.691351                   14.361415                                        6.3299362
              3       9.6085602          68.332     0.022575188      0.11862702       1.0428162      0.80679935      0.30378748       13.742417        144.7352       12.739587        14.42694      -1.3093333       -1.3093333       21.835787                    14.42694                                        7.4088473
              8       11.042314        68.27752     0.022594121      0.11793327       1.0418626      0.80348901      0.30282493        13.76559       144.90005       12.766594       14.552326      -1.3093333       -1.3093333       24.703294                   14.552326                                        10.150968
             17       9.1448707       68.006735     0.022576796      0.11885057       1.0420811      0.80690136      0.30718721        13.76513        144.6762       12.743207       16.298672      -1.3093333       -1.3093333       20.908408                   16.298672                                        4.6097364
              5       9.0505269       68.197059     0.022502343      0.11865345       1.0426377      0.80703163      0.30489108       13.755622        144.7852       12.745224       14.845182      -1.3093333       -1.3093333        20.71972                   14.845182                                        5.8745379
             18       10.486853       68.202111     0.022501698      0.11891066       1.0429281      0.80817338       0.3053975       13.748214       144.71925       12.735647        14.89526      -1.3093333       -1.3093333       23.592373                    14.89526                                        8.6971131
              1       10.545511       68.826515     0.022619222      0.11727015       1.0427144      0.80181094      0.29666638       13.734435       145.05277       12.770483       12.869169      -1.3093333       -1.3093333       23.709688                   12.869169                                        10.840519
             31       10.493717       68.822082     0.022619816      0.11726856        1.042698      0.80178877      0.29670249       13.734853       145.05272       12.770689       12.874993      -1.3093333       -1.3093333       23.606101                   12.874993                                        10.731107
             32       10.116702       68.484626     0.022750022      0.11809449       1.0422341      0.80372698      0.30167229       13.738631       144.73644       12.749449       14.140181      -1.3093333       -1.3093333       22.852071                   14.140181                                        8.7118901
             13       9.7973866       68.529997     0.022748761      0.11809554       1.0423734      0.80385771      0.30127252       13.734631       144.73716       12.747792       13.956691      -1.3093333       -1.3093333        22.21344                   13.956691                                        8.2567487
              7       9.0780164       68.400277     0.022682378       0.1183178       1.0424028       0.8049269      0.30274948        13.74186       144.73149        12.74592       14.359856      -1.3093333       -1.3093333       20.774699                   14.359856                                        6.4148436
              7       9.5535012       68.388993     0.022686087       0.1181681       1.0421996       0.8042159      0.30253726       13.746821       144.76732       12.751733       14.383783      -1.3093333       -1.3093333       21.725669                   14.383783                                        7.3418862
             17       9.2006602        68.39608     0.022687405      0.11827727       1.0423337      0.80470535      0.30271075       13.743195       144.73805        12.74744       14.383232      -1.3093333       -1.3093333       21.019987                   14.383232                                        6.6367547
             24       9.5859379       68.460064     0.022677193      0.11846294       1.0427491      0.80575417      0.30251956       13.732785       144.69802       12.738555       14.127356      -1.3093333       -1.3093333       21.790542                   14.127356                                        7.6631859
             12         9.65555       68.508199     0.022671907      0.11833489       1.0427697       0.8053519       0.3018105       13.732149       144.73524        12.74162       13.897596      -1.3093333       -1.3093333       21.929767                   13.897596                                        8.0321704
             16       9.4109873       68.491598     0.022697193      0.11832933       1.0426469      0.80512008      0.30199886        13.73308       144.71696       12.741833       14.023452      -1.3093333       -1.3093333       21.440641                   14.023452                                        7.4171892
              3       9.3476634       68.507239     0.022711538      0.11818424       1.0425002      0.80443002       0.3015824       13.735244       144.74328       12.746244       13.967562      -1.3093333       -1.3093333       21.313993                   13.967562                                         7.346431
             26       9.3738058       68.509205     0.022711677      0.11811586       1.0424326      0.80413339       0.3014197       13.736921       144.76086       12.748678       13.945582      -1.3093333       -1.3093333       21.366278                   13.945582                                        7.4206964
              3       10.094306       68.640067     0.022710939      0.11758918       1.0422593      0.80215326      0.29915206       13.739699       144.89797       12.763306       13.410577      -1.3093333       -1.3093333       22.807279                   13.410577                                        9.3967021
             14       10.277697       68.633936     0.022714283      0.11757204       1.0422137      0.80204012      0.29917621       13.740616       144.89981       12.764081       13.431955      -1.3093333       -1.3093333        23.17406                   13.431955                                        9.7421054
             23         13.0141       68.871364     0.022509704      0.11651299       1.0423202      0.79926563      0.29445294       13.754165       145.33658       12.799565        12.74479      -1.3093333       -1.3093333       28.646866                    12.74479                                        15.902076
             18       12.789277       69.218814     0.022866382      0.11663997       1.0425368      0.79838584      0.29251377       13.710362       145.02315       12.773648       12.747592      -1.3093333       -1.3093333       28.197221                   12.747592                                        15.449629
             14       12.686553       69.083521     0.022908161      0.11726466        1.042698      0.80056317      0.29505707       13.704132       144.82789       12.754472       12.801464      -1.3093333       -1.3093333       27.991773                   12.801464                                        15.190308
             19       13.868329        68.98402     0.022949326      0.11781853       1.0428865      0.80250249      0.29715925       13.696758       144.65222       12.736743       13.012986      -1.3093333       -1.3093333       30.355324                   13.012986                                        17.342338
             15       13.059708       69.021442     0.022938909      0.11744609       1.0426267      0.80101404      0.29603345        13.70383       144.75678       12.749306       12.908294      -1.3093333       -1.3093333       28.738083                   12.908294                                        15.829789
              8       13.960618       68.690448      0.02296371      0.11845864       1.0426601      0.80447953      0.30109181       13.704869       144.47584       12.723622       13.971408      -1.3093333       -1.3093333       30.539902                   13.971408                                        16.568494
              1       15.285007       68.079171     0.022877325      0.12007886       1.0427861      0.81048164      0.30983244       13.717465       144.12758       12.689031       17.700737      -1.3093333       -1.3093333        33.18868                   17.700737                                        15.487943
            108       8.7196466       67.962009     0.022590126      0.11922371       1.0423081      0.80831905       0.3084284       13.758618       144.56968        12.73091       16.804753      -1.3093333       -1.3093333        20.05796                   16.804753                                         3.253207
             38       8.6954344       67.977824      0.02259226      0.11921624       1.0423416      0.80831541      0.30827335        13.75736       144.56994       12.730558        16.70144      -1.3093333       -1.3093333       20.009535                    16.70144                                        3.3080956
             28       11.535457       67.887907     0.022674147      0.12010233       1.0427879      0.81137911      0.31119078       13.739199       144.27898       12.699791       18.159869      -1.3093333       -1.3093333       25.689581                   18.159869                                        7.5297113
              4       9.9177367       67.864441     0.022670633      0.11969111       1.0422951      0.80955983      0.31050554       13.752458       144.38702       12.715607       18.144926      -1.3093333       -1.3093333        22.45414                   18.144926                                         4.309214
              1       11.882914       67.610219     0.022675758      0.12059123       1.0424676      0.81270737      0.31482533        13.75063       144.15289       12.692206       20.928143      -1.3093333       -1.3093333       26.384495                   20.928143                                        5.4563522
              3       12.709081       67.418984     0.022301146      0.12052252       1.0428311      0.81431582      0.31563855       13.779599       144.46072       12.710153       20.341476      -1.3093333       -1.3093333       28.036828                   20.341476                                        7.6953517
              9       13.807914       67.357171     0.022291819      0.12075237       1.0429122      0.81518779      0.31670419       13.779153        144.4091        12.70431       21.016554      -1.3093333       -1.3093333       30.234495                   21.016554                                        9.2179409
              8       13.312508       67.239597     0.022270186      0.12090052       1.0427735      0.81562965      0.31809256        13.78623       144.38798       12.703737       22.174173      -1.3093333       -1.3093333       29.243682                   22.174173                                        7.0695087
              9       11.168179       67.177424     0.022265249      0.12039853       1.0420738      0.81333795       0.3175583       13.805518       144.52037       12.724281       22.505714      -1.3093333       -1.3093333       24.955024                   22.505714                                        2.4493097
              5       11.550039       67.115542     0.022296418      0.12048339        1.041894      0.81332292      0.31840176       13.807913       144.47441       12.722763       23.485698      -1.3093333       -1.3093333       25.718745                   23.485698                                        2.2330471
             16       11.220955       67.108382     0.022280538      0.12068255       1.0421242      0.81425777      0.31887666       13.803584       144.43573       12.716173       23.573532      -1.3093333       -1.3093333       25.060576                   23.573532                                        1.4870438
             36       9.8259936       67.967892     0.022377334      0.11893683       1.0425909      0.80847054      0.30729338       13.771657        144.8095       12.746099        15.74234      -1.3093333       -1.3093333       22.270654                    15.74234                                        6.5283137
             63       9.5745532       67.958839     0.022374265      0.11879165       1.0424176      0.80783329      0.30705425       13.776496       144.84944       12.751819       15.733014      -1.3093333       -1.3093333       21.767773                   15.733014                                        6.0347593
             45       9.7407503       67.471513     0.022349125      0.12002011       1.0423311         0.81199      0.31414906       13.787217       144.55234        12.72536       19.872497      -1.3093333       -1.3093333       22.100167                   19.872497                                        2.2276701
             27       9.5757654       67.581532     0.022348033      0.11970235       1.0423275      0.81093122      0.31242892       13.786053       144.63488       12.732924       18.723933      -1.3093333       -1.3093333       21.770197                   18.723933                                         3.046264
             78       9.6502233       67.538402     0.022344743      0.11981153       1.0423227      0.81130497      0.31306023       13.787026       144.60935         12.7306       19.132687      -1.3093333       -1.3093333       21.919113                   19.132687                                        2.7864259
             21       11.627063       67.685199     0.022260863      0.11949039       1.0426464      0.81086771      0.31081967       13.784936       144.75737        12.73886       17.341244      -1.3093333       -1.3093333       25.872793                   17.341244                                        8.5315486
