#        weight    minuslogpost              H0         omega_b       omega_cdm     theta_s_100          sigma8         Omega_m             age          rs_rec          da_rec       chi2__BAO   minuslogprior minuslogprior__0            chi2 chi2__bao.desi_2024_bao_all chi2__cmb_distance_prior.CMB_Distance_Prior_lcdm
              1       271.85127       66.262431     0.021795304      0.11628858       1.0361449      0.79607116      0.31595808       14.015945       145.95927       12.921787       27.390072      -1.3093333       -1.3093333        546.3212                   27.390072                                        518.93113
              2       241.78906       65.450647     0.021892392      0.12959132       1.0471858      0.84829682      0.35512467       13.726295       142.50727       12.473316       56.631246      -1.3093333       -1.3093333       486.19679                   56.631246                                        429.56554
              2       175.09626       66.866549     0.021556896      0.11564638       1.0378848      0.79644498      0.30830516       13.985428       146.31872       12.929196       18.451073      -1.3093333       -1.3093333       352.81119                   18.451073                                        334.36011
              1       86.981529       68.227682     0.021551839      0.11448287       1.0406922      0.79480672      0.29361625       13.894834       146.63386       12.923065       12.759796      -1.3093333       -1.3093333       176.58172                   12.759796                                        163.82193
              2       75.374642       68.241711     0.021680729      0.11472341        1.040665      0.79507899      0.29428883       13.883134       146.46666       12.910217       12.739949      -1.3093333       -1.3093333       153.36795                   12.739949                                          140.628
              1       50.177067       68.198806     0.021827125      0.11825533       1.0440199      0.80970726      0.30256775       13.784742       145.41714       12.775401       13.243618      -1.3093333       -1.3093333        102.9728                   13.243618                                        89.729184
              3       42.817654       67.961319      0.02182085      0.11861708       1.0437158      0.81069932      0.30545569       13.796154       145.32766       12.770861       13.966487      -1.3093333       -1.3093333       88.253974                   13.966487                                        74.287486
              9       33.986381        69.20539     0.022105408        0.115173       1.0429165      0.79670647      0.28797542       13.772718       146.00933        12.84739       13.969948      -1.3093333       -1.3093333       70.591429                   13.969948                                        56.621481
             48       14.497195       68.339105     0.022275706      0.11788064       1.0428392      0.80549027      0.30148489       13.770257       145.16304       12.773762       13.501968      -1.3093333       -1.3093333       31.613056                   13.501968                                        18.111088
             27       14.982253       68.360584     0.022274285      0.11787538       1.0429013      0.80553248      0.30128118       13.768534       145.16552       12.773205       13.437095      -1.3093333       -1.3093333       32.583173                   13.437095                                        19.146078
             30       15.443872       68.874823     0.022420006      0.11695167        1.043045      0.80181308      0.29515903       13.744304       145.29225       12.785254       12.750802      -1.3093333       -1.3093333        33.50641                   12.750802                                        20.755608
              3       14.742399       68.567795     0.022379697      0.11776333       1.0431161       0.8048895      0.29944887       13.750364       145.11208       12.767326       13.089645      -1.3093333       -1.3093333       32.103466                   13.089645                                         19.01382
              8       11.982379       68.483987     0.022383575      0.11740533       1.0424709      0.80306551      0.29942718       13.767457       145.20235       12.783529        13.22142      -1.3093333       -1.3093333       26.583424                    13.22142                                        13.362004
             39        10.34017       68.031635     0.022384029      0.11890477        1.042729      0.80845836        0.306663       13.766684       144.81256       12.744794       15.387861      -1.3093333       -1.3093333       23.299006                   15.387861                                        7.9111452
             20       10.503022       68.173594     0.022654342      0.11932562       1.0428738      0.80891407      0.30687431       13.735386       144.49351       12.718024       15.743729      -1.3093333       -1.3093333       23.624712                   15.743729                                        7.8809822
             15        9.817592       67.911024     0.022633914      0.11976275       1.0426079      0.81023514      0.31015543       13.747384       144.39715       12.712163       17.616253      -1.3093333       -1.3093333       22.253851                   17.616253                                        4.6375975
             31       10.040552       67.911763     0.022634046      0.11980889       1.0426583      0.81043597      0.31024899       13.746071       144.38523       12.710462       17.631291      -1.3093333       -1.3093333       22.699772                   17.631291                                        5.0684809
              6       13.511897       67.944737     0.022671236      0.12019557       1.0430628      0.81195619      0.31086611       13.731741        144.2574        12.69443       17.737004      -1.3093333       -1.3093333        29.64246                   17.737004                                        11.905456
              1       12.904689       67.883155     0.022678094      0.12027619       1.0429454      0.81209083       0.3116202       13.734839       144.23149       12.693598       18.300159      -1.3093333       -1.3093333       28.428045                   18.300159                                        10.127886
              8       9.8950363       67.793348     0.022647731      0.11987417       1.0423373      0.81030608      0.31150559       13.754443       144.35787       12.712085       18.693837      -1.3093333       -1.3093333       22.408739                   18.693837                                         3.714902
              5       9.4023884       67.579264     0.022460785      0.12011895       1.0424577      0.81198768      0.31360898       13.771912       144.44025       12.715298        19.61098      -1.3093333       -1.3093333       21.423443                    19.61098                                        1.8124634
             24       9.5181567       67.561802     0.022474951       0.1202055       1.0424585      0.81221962      0.31399175       13.770744       144.40708       12.712476       19.903825      -1.3093333       -1.3093333        21.65498                   19.903825                                        1.7511549
              5        9.263265       67.550443     0.022477029      0.12008608       1.0422935      0.81166042       0.3138402       13.774928       144.43607       12.717169       19.960452      -1.3093333       -1.3093333       21.145197                   19.960452                                        1.1847447
              3       9.3573396       67.553841     0.022487767      0.11995445       1.0421363      0.81103289      0.31354372       13.777897       144.46149       12.721573        19.92675      -1.3093333       -1.3093333       21.333346                    19.92675                                        1.4065964
              5       14.622904       67.809401     0.022470315      0.12023194       1.0432379      0.81304853      0.31175035       13.748155        144.4039       12.702618       17.777467      -1.3093333       -1.3093333       31.864475                   17.777467                                        14.087008
              9       9.2601836       67.612952     0.022389324       0.1197562       1.0423677      0.81098132      0.31234673        13.78067       144.58892       12.728873       18.715205      -1.3093333       -1.3093333       21.139034                   18.715205                                        2.4238284
             68       9.2976619       67.648445     0.022396568       0.1197494       1.0424471      0.81100255      0.31202003       13.777496       144.58503       12.727659       18.453639      -1.3093333       -1.3093333       21.213991                   18.453639                                        2.7603511
             40       8.5947154       68.006052     0.022581581      0.11912668       1.0423594      0.80807123      0.30780075       13.757571       144.60131       12.733042       16.426806      -1.3093333       -1.3093333       19.808097                   16.426806                                        3.3812914
             20        8.555825        68.06507     0.022580818      0.11902717       1.0424318      0.80780114      0.30705074       13.755054       144.62755       12.734542       16.004791      -1.3093333       -1.3093333       19.730317                   16.004791                                        3.7255252
             32       8.6251811       68.063656     0.022580198      0.11908649       1.0424921      0.80805974      0.30719022       13.753589       144.61274       12.732443        16.03237      -1.3093333       -1.3093333       19.869029                    16.03237                                        3.8366585
             24       9.2703433       68.055509     0.022573025        0.119291       1.0427037      0.80897468      0.30768985       13.748969       144.56566       12.725454       16.128452      -1.3093333       -1.3093333       21.159353                   16.128452                                        5.0309014
              3       9.0446709       67.964651     0.022576824      0.11945087       1.0425919      0.80939955      0.30886739       13.752596       144.52159       12.722853       16.814538      -1.3093333       -1.3093333       20.708008                   16.814538                                        3.8934703
             12       8.6921507       67.961085     0.022576948      0.11931733       1.0424397      0.80880908      0.30861094       13.756522       144.55584       12.727839       16.786859      -1.3093333       -1.3093333       20.002968                   16.786859                                        3.2161091
             41       8.6590831        67.95499     0.022579187       0.1192319       1.0423251      0.80840681      0.30848615       13.759316       144.57608        12.73112       16.806217      -1.3093333       -1.3093333       19.936833                   16.806217                                        3.1306154
             20       9.7097434       68.026994     0.022654315       0.1195127        1.042635      0.80933311      0.30860258       13.743308       144.44547       12.716551       16.762527      -1.3093333       -1.3093333       22.038153                   16.762527                                        5.2756268
              9        10.20826       67.420854     0.022508858      0.12029552       1.0420408      0.81199384      0.31557861       13.779953       144.35773       12.713582       21.567345      -1.3093333       -1.3093333       23.035187                   21.567345                                         1.467842
              6       9.8584609       67.447789     0.022502645      0.12031034       1.0421536      0.81217298      0.31534553       13.777319       144.35875       12.712206       21.255145      -1.3093333       -1.3093333       22.335589                   21.255145                                        1.0804435
              4       8.9143533       67.688389     0.022464345       0.1197531       1.0423887      0.81068701      0.31180789       13.772002       144.53138       12.724515       18.496149      -1.3093333       -1.3093333       20.447373                   18.496149                                        1.9512238
             19       8.9197426       67.695386     0.022461152      0.11973848       1.0424027      0.81066386      0.31170456       13.771862       144.53762       12.724864       18.413397      -1.3093333       -1.3093333       20.458152                   18.413397                                        2.0447547
             47       10.787095        67.69078     0.022458756       0.1191478       1.0417702      0.80810855      0.31045263       13.788374       144.69154       12.746615       18.167258      -1.3093333       -1.3093333       24.192856                   18.167258                                        6.0255982
             19       9.4288216       67.575985     0.022367899      0.11978185       1.0423417      0.81112971       0.3126978       13.783851       144.59898       12.729779       18.923416      -1.3093333       -1.3093333        21.47631                   18.923416                                         2.552894
             31       11.678805       67.816662     0.022265518      0.11912625       1.0426401      0.80961563      0.30883416       13.783002       144.84777       12.747262       16.296716      -1.3093333       -1.3093333       25.976277                   16.296716                                         9.679561
             43       11.119499       67.811835     0.022266661      0.11887471       1.0423548      0.80850089       0.3083336       13.790255       144.91195       12.756629       16.235752      -1.3093333       -1.3093333       24.857665                   16.235752                                        8.6219131
              7       10.209399       68.269947     0.022413659       0.1182185       1.0426274      0.80589543      0.30311692       13.763406       144.96716       12.760603       14.132282      -1.3093333       -1.3093333       23.037466                   14.132282                                        8.9051834
             21       10.270351        67.39652      0.02232226      0.11989751       1.0420493      0.81142856       0.3145195       13.797972       144.60472       12.733169       20.349767      -1.3093333       -1.3093333       23.159368                   20.349767                                        2.8096006
             15       10.078449       67.452981     0.022320625      0.12004244       1.0423755      0.81222044      0.31430813       13.789038       144.56874       12.725874       19.881411      -1.3093333       -1.3093333       22.775564                   19.881411                                         2.894153
             36       9.8529435       67.640241     0.022323094      0.11950332       1.0423591      0.81039449      0.31139729       13.786901       144.70555       12.738604        18.00944      -1.3093333       -1.3093333       22.324554                    18.00944                                        4.3151133
             23       9.6865333       67.524737     0.022339996      0.11977738       1.0422585      0.81115068      0.31310164       13.789301       144.62183        12.73245       19.208597      -1.3093333       -1.3093333       21.991733                   19.208597                                        2.7831359
             25        9.655714       67.519222      0.02235043      0.11990226       1.0423459      0.81160611       0.3134496       13.786121       144.58161       12.727871       19.382679      -1.3093333       -1.3093333       21.930095                   19.382679                                        2.5474153
            106       9.6799263       67.844895     0.022353197      0.11892993       1.0422811      0.80826637      0.30834114       13.783446       144.83011       12.751398       16.415736      -1.3093333       -1.3093333       21.978519                   16.415736                                        5.5627833
             13       9.8783012       67.552779     0.022411406      0.11959028       1.0419533      0.80995498      0.31258822       13.789941       144.61441       12.736603       19.287348      -1.3093333       -1.3093333       22.375269                   19.287348                                        3.0879205
              7       9.9443758       67.555849     0.022411711      0.11956768       1.0419378       0.8098638      0.31251097       13.790273       144.61999       12.737307       19.250523      -1.3093333       -1.3093333       22.507418                   19.250523                                         3.256895
             10       10.001211        67.48124      0.02246218      0.12044344       1.0425019      0.81310129      0.31523639       13.771836       144.35607       12.707096       20.724532      -1.3093333       -1.3093333       22.621089                   20.724532                                        1.8965578
              7       9.8577757        67.48429     0.022461567      0.12040104       1.0424682      0.81293166      0.31511344       13.772726        144.3674       12.708531       20.667082      -1.3093333       -1.3093333       22.334218                   20.667082                                        1.6671357
             16       10.109672       67.485871     0.022465939      0.12046639       1.0425297      0.81318827      0.31525178       13.770702       144.34729       12.706012       20.716052      -1.3093333       -1.3093333       22.838011                   20.716052                                        2.1219595
             67       9.2144188       67.575506     0.022491534      0.12000505       1.0422442      0.81128641      0.31346176       13.774496       144.44559       12.718861       19.774176      -1.3093333       -1.3093333       21.047504                   19.774176                                        1.2733277
             14       9.6002139       67.556525     0.022528942      0.12005459       1.0421391      0.81120413      0.31382846       13.773834       144.40383       12.716899       20.212533      -1.3093333       -1.3093333       21.819094                   20.212533                                        1.6065611
             10       10.047648       67.733896     0.022547724      0.11937595       1.0419024      0.80863711      0.31074873       13.775916       144.56349       12.734656       18.403509      -1.3093333       -1.3093333       22.713963                   18.403509                                        4.3104541
             88       9.9124925       67.774846     0.022529384      0.11996898       1.0426996        0.811434      0.31162444       13.756721       144.42544       12.712041       18.239133      -1.3093333       -1.3093333       22.443652                   18.239133                                        4.2045187
             46       8.4901909       68.083484     0.022563152      0.11891176       1.0424114      0.80746206      0.30659759       13.757029       144.67106       12.738495       15.778463      -1.3093333       -1.3093333       19.599048                   15.778463                                        3.8205849
              6       8.5639463       68.119883     0.022562719      0.11870355       1.0422996      0.80665313       0.3058204       13.759464       144.72515       12.744793       15.491772      -1.3093333       -1.3093333       19.746559                   15.491772                                        4.2547877
             39       9.4407081       67.896989     0.022432359      0.11878418       1.0420696      0.80725641      0.30772373       13.780621       144.80601       12.753001       16.363591      -1.3093333       -1.3093333       21.500083                   16.363591                                        5.1364923
             15        9.777153       67.814942     0.022389805      0.11944356        1.042639      0.81017832      0.30981003       13.771155       144.66901       12.732879       16.995761      -1.3093333       -1.3093333       22.172973                   16.995761                                        5.1772117
             30       10.548966       67.837252     0.022373861      0.11868819       1.0419455      0.80705817      0.30793022       13.790154       144.87653       12.760065       16.466133      -1.3093333       -1.3093333       23.716599                   16.466133                                        7.2504659
             35       9.6930799       67.861976     0.022382035      0.11925311       1.0425984      0.80953013      0.30895033       13.772352       144.72416       12.738291       16.555612      -1.3093333       -1.3093333       22.004826                   16.555612                                        5.4492139
              6       12.225831       67.921561     0.022623203      0.12006905       1.0429902      0.81165836      0.31069993       13.738486         144.327        12.70094         17.6154      -1.3093333       -1.3093333       27.070329                     17.6154                                        9.4549292
             12       11.801008       67.939336     0.022623278      0.11998505       1.0429547      0.81134322      0.31035555       13.739171       144.34845       12.703331       17.444276      -1.3093333       -1.3093333       26.220682                   17.444276                                        8.7764052
             23       13.303228       68.636983      0.02262898       0.1169844       1.0418175      0.79999778      0.29772121        13.75871        145.1196        12.78773        13.19002      -1.3093333       -1.3093333       29.225122                    13.19002                                        16.035102
              2       11.701288       68.669068      0.02282057      0.11767096         1.04214      0.80187915      0.29930535       13.731937         144.791       12.756634       13.559346      -1.3093333       -1.3093333       26.021242                   13.559346                                        12.461896
             70       11.987863       68.663931      0.02282195      0.11843639        1.042938      0.80523027      0.30097654       13.711625         144.592       12.728735       13.719123      -1.3093333       -1.3093333       26.594392                   13.719123                                        12.875269
             54       10.811496       68.583864     0.022817098      0.11807618       1.0423297      0.80346941      0.30090359       13.728551       144.68881       12.744931       13.922348      -1.3093333       -1.3093333       24.241658                   13.922348                                         10.31931
              9       11.704715       68.630926     0.022671149      0.11724879       1.0419723      0.80088146       0.2984246       13.750868       145.01762       12.777151       13.311325      -1.3093333       -1.3093333       26.028097                   13.311325                                        12.716771
             17       10.791269       67.998174     0.022629636      0.11878384       1.0418434      0.80624446      0.30723451       13.766268       144.65226        12.74473       16.568627      -1.3093333       -1.3093333       24.201204                   16.568627                                        7.6325771
             29       11.380594       67.816601      0.02262407      0.12020211       1.0428147      0.81193939      0.31195362       13.744179       144.29228       12.699923       18.520599      -1.3093333       -1.3093333       25.379855                   18.520599                                        6.8592561
             34       9.4896263       67.821828     0.022625215      0.11961754       1.0422123         0.80942      0.31063715       13.759455       144.44117       12.720876       18.213121      -1.3093333       -1.3093333       21.597919                   18.213121                                         3.384798
             16       9.7332401       67.991936     0.022689302      0.11936891        1.042285      0.80838709      0.30868556       13.749352       144.45521       12.722239       17.120834      -1.3093333       -1.3093333       22.085147                   17.120834                                         4.964313
              8       9.6160684        68.11726     0.022690298      0.11892749       1.0421882      0.80679551      0.30660154       13.750163       144.56798       12.733733       16.100747      -1.3093333       -1.3093333       21.850804                   16.100747                                        5.7500561
             14       10.186187       68.090574     0.022702814      0.11893173       1.0420798      0.80666165      0.30687805       13.752074       144.55715       12.734257        16.33018      -1.3093333       -1.3093333        22.99104                    16.33018                                        6.6608607
             62       13.584345       68.135921     0.022616656      0.11810657       1.0415664      0.80373225      0.30450673       13.772819       144.83749        12.76485       15.418582      -1.3093333       -1.3093333       29.787356                   15.418582                                        14.368774
              1       12.555792       68.201442     0.022606542      0.11800005       1.0416745      0.80350263      0.30367119       13.770181       144.87301       12.766617       14.990179      -1.3093333       -1.3093333        27.73025                   14.990179                                        12.740071
             21          11.331       68.947502     0.022763372      0.11694808        1.042341      0.79975056      0.29525186       13.728624       145.02362       12.774557       12.820869      -1.3093333       -1.3093333       25.280667                   12.820869                                        12.459798
             12       12.351262        68.26867     0.022647383       0.1192877       1.0431352      0.80904836      0.30592385       13.728197       144.50867       12.716115       15.166024      -1.3093333       -1.3093333       27.321191                   15.166024                                        12.155167
              4       10.518659        68.28882     0.022783097      0.11878696       1.0423008      0.80603609      0.30496059       13.736275       144.53192       12.730454       15.393275      -1.3093333       -1.3093333       23.655984                   15.393275                                        8.2627095
              6       11.763565       68.374466     0.022836591      0.11856021       1.0421712      0.80492327      0.30382649       13.733395       144.54867       12.734362       15.052398      -1.3093333       -1.3093333       26.145797                   15.052398                                        11.093399
             25       11.674436       68.377606     0.022836452      0.11857326       1.0421948      0.80498954       0.3038262       13.732769       144.54542       12.733775       15.038988      -1.3093333       -1.3093333       25.967539                   15.038988                                        10.928551
             12       11.318148       68.359538     0.022833337      0.11889533       1.0424911       0.8063713      0.30466937       13.725745       144.46493       12.722762       15.219642      -1.3093333       -1.3093333       25.254963                   15.219642                                        10.035321
             56       12.036357       68.339002     0.022854285       0.1190862       1.0425758       0.8070149      0.30530606       13.721844       144.39958       12.716075       15.472666      -1.3093333       -1.3093333       26.691381                   15.472666                                        11.218716
              4       11.989409       68.473355     0.022875562      0.11857557       1.0423768      0.80499748      0.30306544       13.723201       144.51436       12.729298       14.687082      -1.3093333       -1.3093333       26.597484                   14.687082                                        11.910402
             18       11.784234       68.491313      0.02287002      0.11857141       1.0424405      0.80506211      0.30288586        13.72188       144.51975       12.728929       14.582138      -1.3093333       -1.3093333       26.187135                   14.582138                                        11.604997
              4       11.091817       67.470454     0.022603522      0.12065346       1.0423097       0.8130531      0.31610902       13.763322       144.19292       12.696694       21.911166      -1.3093333       -1.3093333         24.8023                   21.911166                                        2.8911336
              7       10.834833       67.557569      0.02261607      0.12050621        1.042382      0.81258319      0.31499917       13.759201       144.22078       12.698545       21.013088      -1.3093333       -1.3093333       24.288332                   21.013088                                        3.2752441
             33       8.6120862       68.255496     0.022594574      0.11857506       1.0424814      0.80624385      0.30439894        13.75007       144.73351       12.743819       14.835791      -1.3093333       -1.3093333       19.842839                   14.835791                                        5.0070481
              5       9.9351661       68.256492     0.022578412      0.11890019       1.0428733      0.80777343      0.30505324       13.741607       144.66216       12.732272       14.872862      -1.3093333       -1.3093333       22.488999                   14.872862                                        7.6161372
             50       9.6470271       68.269841     0.022661183       0.1183446       1.0421002      0.80483973       0.3039195       13.753249        144.7411       12.750179       14.922881      -1.3093333       -1.3093333       21.912721                   14.922881                                        6.9898401
              9       9.0123842       68.325167     0.022660242      0.11864031       1.0425822      0.80628714      0.30405891       13.740357       144.66544       12.737363       14.725861      -1.3093333       -1.3093333       20.643435                   14.725861                                        5.9175743
             12       8.9854405       68.393422     0.022652807      0.11843288       1.0425842      0.80560594      0.30299299       13.740147       144.72481       12.742646       14.332402      -1.3093333       -1.3093333       20.589548                   14.332402                                        6.2571452
             49        11.45228       68.341504     0.022666719       0.1190447       1.0430427      0.80805657      0.30479326       13.727802       144.55614       12.721866       14.783004      -1.3093333       -1.3093333       25.523227                   14.783004                                        10.740223
              7       10.933287       68.456098     0.022826987      0.11858559       1.0424663      0.80531071      0.30313598       13.725764       144.54961         12.7307       14.616044      -1.3093333       -1.3093333       24.485241                   14.616044                                        9.8691968
              2       10.831172       68.637521      0.02257487      0.11718391       1.0421786      0.80123526      0.29802517       13.754686       145.11002       12.781605       13.130503      -1.3093333       -1.3093333        24.28101                   13.130503                                        11.150507
             12       9.4586376        68.53949     0.022584258      0.11766241       1.0423774      0.80303986      0.29991689       13.750041        144.9781       12.767265       13.468013      -1.3093333       -1.3093333       21.535942                   13.468013                                        8.0679288
