#        weight    minuslogpost              H0         omega_b            Neff       omega_cdm      lambda_qtm       delta_qtm     theta_s_100          sigma8         Omega_m           w_qtm       Omega_qtm             age       chi2__BAO   minuslogprior minuslogprior__0            chi2 chi2__bao.desi_2024_bao_all chi2__gaussian_mixture
              2       3.0773546        66.90026     0.022017953        2.938143      0.12144269       0.5373847     0.049232025        1.056358      0.79211358      0.32197546     -0.95867629      0.67794498       13.775754       17.244913        1.686399         1.686399       2.7819114                   17.244913             -14.463001
              5      0.89022114       66.415697     0.022017953        2.938143      0.10891504      0.54237875     0.026907015       1.0361061      0.75614219      0.29829016     -0.95484166      0.70162911        14.15091       12.870646        1.686399         1.686399      -1.5923556                   12.870646             -14.463001
              5      0.80695903       66.415697     0.021978225       2.9224074      0.10891504      0.54237875     0.026907015       1.0367859      0.75732209      0.29820009     -0.95483225      0.70171937        14.15208       12.721951        1.686399         1.686399      -1.7588798                   12.721951             -14.480831
              3      0.93666587       66.506249     0.021978225       2.9224074      0.11312952      0.65952846    -0.014325042       1.0415523      0.78101948      0.30691705     -0.93401889      0.69300269        13.98614       12.981365        1.686399         1.686399      -1.4994662                   12.981365             -14.480831
              1       2.2819699       65.709772     0.021978225       2.9224074      0.10940599      0.67648218    -0.057834282       1.0439718      0.72654604      0.30577878     -0.93133695        0.694139       14.194042       15.671972        1.686399         1.686399       1.1911418                   15.671972             -14.480831
              4       1.4994025       64.993229     0.021978225       2.9224074      0.11059159      0.66453468    -0.048254075       1.0399821      0.74168601      0.31536504     -0.93499315      0.68455092       14.226137       14.106838        1.686399         1.686399     -0.37399282                   14.106838             -14.480831
              3       1.6243915       64.993229     0.021651517       2.9530702      0.11059159      0.66453468    -0.048254075       1.0396686      0.74193395       0.3145916     -0.93487319      0.68532395       14.235518       13.784929        1.686399         1.686399     -0.12401495                   13.784929             -13.908944
              3       3.2018103       64.993229     0.021296735       3.0554099      0.11059159      0.66453468    -0.048254075         1.03679      0.73828858      0.31375171     -0.93474291      0.68616248       14.245676       14.126882        1.686399         1.686399       3.0308228                   14.126882              -11.09606
              1       2.9877419       64.993229     0.021210852       2.7576795      0.11059159      0.66453468    -0.048254075       1.0481041      0.75617817      0.31354839     -0.93471051      0.68636976       14.248407       15.695741        1.686399         1.686399       2.6026859                   15.695741             -13.093055
              2       2.0114221       65.069701     0.021210852       2.7576795       0.1105192      0.61004176    -0.038852177       1.0453242       0.7663313      0.31264087     -0.94482148      0.68727747       14.250503       13.743102        1.686399         1.686399      0.65004635                   13.743102             -13.093055
              1        2.766316       65.047412     0.021210852       2.7576795      0.09972852      0.29169884     0.018216549       1.0263077      0.73227016      0.28735227     -0.98671907      0.71256598       14.643911       15.252889        1.686399         1.686399        2.159834                   15.252889             -13.093055
              3       2.3500162       65.047412     0.021621807       2.5678503      0.09972852      0.29169884     0.018216549       1.0325626      0.74090837      0.28832353     -0.98674885      0.71159724       14.630501       13.174813        1.686399         1.686399       1.3272344                   13.174813             -11.847579
              2       2.6252853       65.135848     0.021621807       2.5678503      0.10414483      0.22355914    0.0070416855        1.037218        0.766623      0.29795038     -0.99234603       0.7019706       14.484137       13.725352        1.686399         1.686399       1.8777727                   13.725352             -11.847579
              3       2.4865185       65.135848     0.021438736        2.527831      0.10414483      0.22355914    0.0070416855       1.0392244      0.77040309      0.29751888     -0.99233852      0.70240263           14.49       12.938556        1.686399         1.686399        1.600239                   12.938556             -11.338317
              1       2.9182956       64.954151     0.021438736        2.527831      0.10052796      0.16454359    -0.041772415       1.0387346      0.73323386        0.290613     -0.99635431      0.70930807       14.647575        13.80211        1.686399         1.686399       2.4637933                    13.80211             -11.338317
              1        2.460859       64.896797     0.021438736        2.527831      0.10181562      0.12279534    -0.036560151       1.0389559       0.7440943      0.29418431     -0.99812194      0.70573662       14.609747       12.887237        1.686399         1.686399         1.54892                   12.887237             -11.338317
              3       2.5893481       64.494307     0.021438736        2.527831      0.10440867    0.0039801996      0.04060605       1.0417052      0.75219986      0.30410161      -1.0005965      0.69581833       14.572151       13.144215        1.686399         1.686399       1.8058982                   13.144215             -11.338317
              2       2.4856889        64.38067     0.021438736        2.527831      0.10290932     0.014072865     0.043602199       1.0401808      0.74195097      0.30155872      -1.0006494      0.69836094       14.634614       12.936897        1.686399         1.686399       1.5985798                   12.936897             -11.338317
              5       2.5811835        64.38067     0.021091682       2.5348072      0.10290932     0.014072865     0.043602199       1.0407528      0.74381764      0.30072141      -1.0006458      0.69919815       14.645969       13.007415        1.686399         1.686399       1.7895692                   13.007415             -11.217846
              7       2.6495265        64.38067     0.021053577       2.5333571      0.10290932     0.014072865     0.043602199       1.0409024      0.74415919      0.30062948      -1.0006454       0.6992901        14.64722        13.04752        1.686399         1.686399       1.9262551                    13.04752             -11.121265
              5        2.227896        64.38067     0.021545777       2.6040869      0.10290932     0.014072865     0.043602199       1.0369494      0.73663552      0.30181697      -1.0006505      0.69810165       14.631048       13.568486        1.686399         1.686399       1.0829941                   13.568486             -12.485491
              3       2.3036924        64.38067     0.021582297       2.6337292      0.10290932     0.014072865     0.043602199       1.0357144      0.73462809      0.30190508      -1.0006509      0.69801314       14.629829       14.098376        1.686399         1.686399       1.2345869                   14.098376             -12.863789
              2       2.4642086       65.318458     0.021582297       2.6337292     0.096092752      0.32768591    -0.014265774       1.0261038      0.72047997      0.27732137     -0.98277232      0.72259919       14.718927       14.419408        1.686399         1.686399       1.5556193                   14.419408             -12.863789
              3       3.3724821       65.318458      0.02201028       2.7081005     0.096092752      0.32768591    -0.014265774       1.0222159      0.71338974      0.27832449     -0.98281168      0.72159508       14.704365       16.543288        1.686399         1.686399       3.3721663                   16.543288             -13.171122
              2        3.252282       65.318458     0.022032005       2.6633699     0.096092752      0.32768591    -0.014265774       1.0238741      0.71582757      0.27837541     -0.98281364      0.72154475       14.703674       15.599784        1.686399         1.686399       3.1317662                   15.599784             -12.468017
              2       3.1977571       66.186486     0.022032005       2.6633699     0.096172876      0.26674013    -0.013771725       1.0263152      0.71857879      0.27130447     -0.98845399      0.72861777       14.622683       15.490734        1.686399         1.686399       3.0227163                   15.490734             -12.468017
              1       3.1725769       66.186486     0.022040738       2.6676112     0.096172876      0.26674013    -0.013771725       1.0261311      0.71827534       0.2713244     -0.98845452      0.72859778       14.622386       15.478938        1.686399         1.686399       2.9723559                   15.478938             -12.506582
              1       2.5002322       66.045404     0.022040738       2.6676112     0.099071428      0.18727104    -0.032838247       1.0315897      0.72343072      0.27912983     -0.99471654      0.72079203       14.558254       14.134248        1.686399         1.686399       1.6276664                   14.134248             -12.506582
              3       3.0404858       66.045404     0.022511034       2.7623762     0.099071428      0.18727104    -0.032838247       1.0268302      0.71496897        0.280208      -0.9947325      0.71971264       14.542739       14.624485        1.686399         1.686399       2.7081737                   14.624485             -11.916311
              7       2.9751699       65.850859     0.022511034       2.7623762     0.098909724      0.20954751    -0.036950878       1.0268892      0.71057735      0.28149319     -0.99343028      0.71842698       14.567882       14.493853        1.686399         1.686399       2.5775418                   14.493853             -11.916311
              3       2.8343751       65.850859     0.022470991       2.7769231     0.098909724      0.20954751    -0.036950878       1.0264326      0.71000898      0.28140084     -0.99342858      0.71851913       14.569183       14.631452        1.686399         1.686399       2.2959523                   14.631452               -12.3355
              5       2.1201525       65.850859     0.022226345       2.7928668     0.098909724      0.20954751    -0.036950878       1.0264126      0.71064708      0.28083667     -0.99341814       0.7190831        14.57721       14.387595        1.686399         1.686399      0.86750701                   14.387595             -13.520088
              3       2.6135592       65.850859     0.022294706       2.8589227     0.098909724      0.20954751    -0.036950878       1.0237555       0.7065315      0.28099432     -0.99342107       0.7189246         14.5749       15.716439        1.686399         1.686399       1.8543206                   15.716439             -13.862118
              6       2.8048996       65.947477     0.022294706       2.8589227     0.099854897      0.21611524    -0.031733007       1.0243371      0.71513205      0.28234484     -0.99288938      0.71757432       14.530198       16.099119        1.686399         1.686399       2.2370012                   16.099119             -13.862118
              1         1.80598       65.922427     0.022294706       2.8589227     0.099307669      0.20430138    -0.045696634       1.0264304      0.70094752      0.28130024     -0.99399664      0.71861885       14.562322        14.10128        1.686399         1.686399      0.23916216                    14.10128             -13.862118
              3       1.5306372       65.922427     0.022017968       2.8990231     0.099307669      0.20430138    -0.045696634       1.0255661      0.70045524      0.28066344     -0.99398441      0.71925514       14.571359       14.161438        1.686399         1.686399     -0.31152342                   14.161438             -14.472961
              3       1.4395005       66.536089     0.022017968       2.8990231      0.10119226      0.21847215    -0.035994858       1.0278414      0.71913502      0.27976718     -0.99276513      0.72015288       14.440608       13.979164        1.686399         1.686399     -0.49379684                   13.979164             -14.472961
              3      0.92683938       66.217832     0.022017968       2.8990231      0.11027322      0.30994739    -0.044491604       1.0403641      0.75226559      0.30317296      -0.9861042      0.69674633       14.187243       12.953842        1.686399         1.686399      -1.5191192                   12.953842             -14.472961
              4       1.0112309       66.600788     0.022017968       2.8990231      0.10435397      0.22493913    -0.040446279       1.0330067      0.73050023      0.28635182     -0.99255049       0.7135684        14.33712       13.122625        1.686399         1.686399      -1.3503362                   13.122625             -14.472961
              4       1.3636133       66.600788     0.021623468       2.9175874      0.10435397      0.22493913    -0.040446279       1.0332751      0.73192539      0.28546244     -0.99253152      0.71445755       14.349396       13.388784        1.686399         1.686399     -0.64557132                   13.388784             -14.034355
              1       1.0274506        66.27689     0.021623468       2.9175874      0.10757832      0.24002343    -0.043299292       1.0369854      0.74332784      0.29559976     -0.99174232      0.70431945       14.281856       12.716458        1.686399         1.686399      -1.3178966                   12.716458             -14.034355
              4      0.95153483        66.27689      0.02170643       2.8618965      0.10757832      0.24002343    -0.043299292       1.0388588      0.74604856      0.29578863     -0.99174685      0.70413129       14.279379       12.859082        1.686399         1.686399      -1.4697282                   12.859082              -14.32881
              1        1.012981       66.294321      0.02170643       2.8618965      0.10741707      0.23505041    -0.044539921       1.0390017       0.7441512      0.29526622     -0.99213685      0.70465374       14.284209       12.981975        1.686399         1.686399      -1.3468359                   12.981975              -14.32881
              1      0.93706299       66.188095      0.02170643       2.8618965      0.10536392      0.24434258    -0.042090912       1.0355976      0.73678835      0.29152808     -0.99128341      0.70839162       14.354497       12.830139        1.686399         1.686399      -1.4986719                   12.830139              -14.32881
              1       1.0607497       66.188095     0.021594799       2.8932156      0.10536392      0.24434258    -0.042090912       1.0346976      0.73568647      0.29127327     -0.99127713      0.70864603       14.357936       12.810907        1.686399         1.686399      -1.2512985                   12.810907             -14.062206
              7       2.3232058       66.188095     0.021546899       2.7224844      0.10536392      0.24434258    -0.042090912       1.0412688      0.74601932      0.29116393     -0.99127437      0.70875756       14.359573       14.984042        1.686399         1.686399       1.2736136                   14.984042             -13.710429
              1       3.3335547       66.188095     0.021586301        2.659789      0.10536392      0.24434258    -0.042090912       1.0435762      0.74954189      0.29125387     -0.99127658      0.70866843       14.358404       16.464632        1.686399         1.686399       3.2943115                   16.464632              -13.17032
              3       2.2040914       65.640283     0.021586301        2.659789     0.097707304      0.28122687   0.00091119467       1.0273985      0.73043979      0.27836522     -0.98730589      0.72155577       14.637179       14.205705        1.686399         1.686399       1.0353849                   14.205705              -13.17032
              3       1.9536905       65.621706     0.021586301        2.659789     0.098829631      0.35748028    0.0021766723       1.0292653      0.73540031      0.28112915     -0.97959208       0.7187918       14.589311       13.704903        1.686399         1.686399      0.53458313                   13.704903              -13.17032
              4       1.9710213       65.621706     0.021612575       2.7257336     0.098829631      0.35748028    0.0021766723       1.0266873      0.73131833      0.28119016     -0.97959494      0.71872992       14.588386       14.343664        1.686399         1.686399      0.56924473                   14.343664             -13.774419
              9       1.8247678       65.835442     0.021612575       2.7257336     0.098709448      0.40414549    0.0051098736       1.0276105      0.73042796      0.27909007     -0.97377901      0.72083053       14.561742       14.051157        1.686399         1.686399      0.27673763                   14.051157             -13.774419
              1       3.8990636       65.422574     0.021612575       2.7257336     0.091379617      0.27034915     0.045525707       1.0208933       0.6719677      0.26549842     -0.98849571      0.73442117       14.898529       18.199748        1.686399         1.686399       4.4253293                   18.199748             -13.774419
              3       2.6257866       65.156201     0.021612575       2.7257336     0.093362217      0.26053521     0.046148697       1.0229697      0.68104359      0.27234376     -0.98957381      0.72757518       14.858146       15.653194        1.686399         1.686399       1.8787753                   15.653194             -13.774419
              1       2.4562024       65.156201     0.021624487       2.7695016     0.093362217      0.26053521     0.046148697       1.0212469      0.67859734      0.27237182     -0.98957464      0.72754654       14.857685       15.579617        1.686399         1.686399       1.5396068                   15.579617              -14.04001
              7       2.5271744       65.156201     0.021520635       2.7977647     0.093362217      0.26053521     0.046148697       1.0203905      0.67771769      0.27212719     -0.98956757      0.72779079       14.861298       15.669324        1.686399         1.686399       1.6815509                   15.669324             -13.987773
              2       1.5073864       64.845869     0.021520635       2.7977647      0.10220766     0.008382535     0.049262026       1.0315673      0.71750381      0.29577366      -1.0008253      0.70414354        14.61336       13.629748        1.686399         1.686399     -0.35802517                   13.629748             -13.987773
              1       2.8054606       64.856699     0.021520635       2.7977647      0.10220366     0.007258197     0.038428323       1.0290129      0.72788127      0.29566538      -1.0005008      0.70425185       14.603006       16.225896        1.686399         1.686399       2.2381233                   16.225896             -13.987773
              3        1.672377       65.169562     0.021520635       2.7977647      0.10341933    0.0090643385     0.041464191       1.0322016      0.73163951      0.29569574      -1.0005798      0.70422228       14.534926       13.959729        1.686399         1.686399    -0.028043969                   13.959729             -13.987773
              1       1.6542351       65.169562     0.021184925       2.6915177      0.10341933    0.0090643385     0.041464191       1.0370624      0.74005804      0.29490529      -1.0005769      0.70501414       14.545852       12.772222        1.686399         1.686399    -0.064327655                   12.772222              -12.83655
              3       2.2720706       65.303722     0.021184925       2.6915177      0.10335108     0.013138096     0.014247186       1.0331624       0.7572651      0.29353479      -1.0000424      0.70638497       14.519873       14.007893        1.686399         1.686399       1.1713432                   14.007893              -12.83655
              5        2.700658       65.844045     0.021184925       2.6915177     0.096935141    0.0013707198      0.02180196       1.0273073      0.72353572      0.27393817      -1.0001421       0.7259829        14.68152       14.865068        1.686399         1.686399       2.0285181                   14.865068              -12.83655
              1       2.7843028       65.859844     0.021184925       2.6915177     0.096414125     0.094593914    0.0025558612       1.0254778      0.72593143      0.27260557     -0.99854954      0.72731554       14.690748       15.032358        1.686399         1.686399       2.1958078                   15.032358              -12.83655
              1       2.3507004       65.238018     0.021184925       2.6915177      0.10074193      0.16161083    -0.048356601       1.0357425      0.72032702      0.28799583     -0.99666262      0.71192377       14.626356       14.165153        1.686399         1.686399        1.328603                   14.165153              -12.83655
              2       4.7289952       65.238018     0.020971481       2.5919088      0.10074193      0.16161083    -0.048356601       1.0401373      0.72756266      0.28749431     -0.99665552       0.7124266       14.633495       17.598108        1.686399         1.686399       6.0851924                   17.598108             -11.512916
              5       5.1085649       65.424107     0.020971481       2.5919088     0.095597867      0.54258752     0.010559557         1.03053      0.72300488      0.27384317     -0.95203228      0.72607816       14.693395       18.357248        1.686399         1.686399       6.8443319                   18.357248             -11.512916
              1       4.7112283       65.479037     0.020971481       2.5919088     0.098286483      0.52711138     0.018684757        1.034678      0.73458635      0.27965471     -0.95540714      0.72026673       14.605708       17.562574        1.686399         1.686399       6.0496587                   17.562574             -11.512916
              2       2.8821829       65.479037     0.021253012       2.6458893     0.098286483      0.52711138     0.018684757       1.0318893      0.72949636      0.28031134     -0.95547373      0.71960939       14.596475       15.112992        1.686399         1.686399       2.3915678                   15.112992             -12.721424
              1       2.2230455       65.280952     0.021253012       2.6458893     0.098721722      0.52078387     0.014661187       1.0313643       0.7328884      0.28303634     -0.95677626       0.7168839        14.60321       13.794717        1.686399         1.686399       1.0732931                   13.794717             -12.721424
              2        2.041203       65.250756     0.021253012       2.6458893     0.099455504      0.53198383     0.011319499       1.0320699      0.73733677      0.28502183       -0.955058      0.71489836       14.578598       13.431032        1.686399         1.686399      0.70960811                   13.431032             -12.721424
              1       2.2294851       65.250756     0.021015349       2.7545773     0.099455504      0.53198383     0.011319499       1.0285099      0.73243155      0.28446363     -0.95500143      0.71545512       14.586185       13.346516        1.686399         1.686399       1.0861722                   13.346516             -12.260344
              4       1.9132114       65.603129     0.021015349       2.7545773      0.10512177      0.41969325    0.0098120649       1.0355687      0.76276449      0.29458181     -0.97270627      0.70533785        14.39716       12.713968        1.686399         1.686399      0.45362485                   12.713968             -12.260344
              2       1.9190926       65.609102     0.021015349       2.7545773      0.10498814      0.41579795    0.0090744902       1.0353576      0.76233907      0.29421775     -0.97318674      0.70570192       14.401362       12.725731        1.686399         1.686399       0.4653872                   12.725731             -12.260344
              3       1.8751436       65.813702     0.021015349       2.7545773       0.1064768      0.42150988    -0.008866178       1.0378241       0.7699341      0.29582814     -0.97253999      0.70409203       14.334025       12.637833        1.686399         1.686399      0.37748936                   12.637833             -12.260344
              2       1.7267012       65.813702     0.021451116       2.6266461       0.1064768      0.42150988    -0.008866178        1.041539      0.77501852       0.2968342     -0.97260232      0.70308764       14.320811       12.857349        1.686399         1.686399     0.080604449                   12.857349             -12.776745
              2       1.9017059        65.91221     0.021451116       2.6266461      0.10636948      0.43369485    -0.012294995       1.0420308      0.77374115      0.29570058     -0.97093526      0.70422149       14.312664       13.207359        1.686399         1.686399       0.4306138                   13.207359             -12.776745
              3       1.8157902       65.811783     0.021451116       2.6266461      0.10739172      0.47407767   -0.0084693954        1.043002       0.7788738      0.29896373      -0.9654597      0.70095792       14.282228       13.035527        1.686399         1.686399      0.25878251                   13.035527             -12.776745
              7       1.4156664       65.811783     0.021265897       2.7230651      0.10739172      0.47407767   -0.0084693954       1.0398368      0.77404152      0.29853609     -0.96542637      0.70138431       14.287728       12.657183        1.686399         1.686399     -0.54146505                   12.657183             -13.198648
              3       1.7293711       65.811783     0.021484223       2.8505969      0.10739172      0.47407767   -0.0084693954       1.0345186      0.76476795      0.29904017     -0.96546598      0.70087858       14.281043       13.979606        1.686399         1.686399     0.085944236                   13.979606             -13.893662
              1       1.2830885       65.812586     0.021484223       2.8505969      0.10722209      0.52247742    -0.040868567       1.0392791      0.74506514      0.29864137     -0.95847109      0.70127751       14.290074       13.087041        1.686399         1.686399     -0.80662088                   13.087041             -13.893662
              1       1.1585454       65.812586     0.021496539       2.8980053      0.10722209      0.52247742    -0.040868567       1.0374757      0.74221932      0.29866981     -0.95847397      0.70124846       14.289664       12.710492        1.686399         1.686399      -1.0557071                   12.710492             -13.766199
             11       1.2682741       65.812586     0.021447066       2.9108571      0.10722209      0.52247742    -0.040868567       1.0371201      0.74178544      0.29855559     -0.95846272      0.70136252       14.291136       12.689112        1.686399         1.686399     -0.83624965                   12.689112             -13.525361
              1       2.8796825       65.820303     0.021447066       2.9108571      0.10818388      0.52227239    -0.056937782       1.0426528      0.72867078      0.30070562     -0.95921447      0.69921251       14.276744       15.911928        1.686399         1.686399        2.386567                   15.911928             -13.525361
              1       2.0280956       65.670222     0.021447066       2.9108571      0.10918594      0.57646054     -0.05183371       1.0423648      0.73821785      0.30440528     -0.95025689      0.69551254       14.242852       14.208755        1.686399         1.686399      0.68339329                   14.208755             -13.525361
              1       5.6704113       65.670222     0.021750338       2.6484574      0.10918594      0.57646054     -0.05183371       1.0515879      0.75181394      0.30510851      -0.9503411      0.69481273       14.234186       20.870971        1.686399         1.686399       7.9680246                   20.870971             -12.902946
              1       5.6288959       65.875699     0.021750338       2.6484574      0.10975291      0.59340052    -0.047507611       1.0518501        0.759529      0.30451462     -0.94708074      0.69540712       14.188634        20.78794        1.686399         1.686399       7.8849939                    20.78794             -12.902946
              1       3.2377244       65.748371     0.021750338       2.6484574      0.11747859      0.50485058    -0.001596397        1.052321      0.82240317      0.32356683       -0.962904       0.6763545       13.981821       16.005597        1.686399         1.686399       3.1026509                   16.005597             -12.902946
              3       3.3424428       65.748371     0.021810521       2.7180148      0.11747859      0.50485058    -0.001596397       1.0495764      0.81739449      0.32370605     -0.96291586      0.67621437       13.980108       16.957596        1.686399         1.686399       3.3120876                   16.957596             -13.645509
              1        3.643122       65.748371     0.021810069       2.7731419      0.11747859      0.50485058    -0.001596397       1.0475485      0.81380251        0.323705     -0.96291585      0.67621471       13.980078        18.01097        1.686399         1.686399        3.913446                    18.01097             -14.097524
              1       2.7180331        66.53489     0.021810069       2.7731419      0.11929013      0.28657026    0.0075235515       1.0507335      0.82538992      0.32018931     -0.98802609      0.67973236       13.891272       16.160792        1.686399         1.686399       2.0632682                   16.160792             -14.097524
              3       2.5316189        66.53489     0.021625595       2.7716268      0.11929013      0.28657026    0.0075235515       1.0512895      0.82673714       0.3197726     -0.98801469      0.68014909       13.896341       15.741028        1.686399         1.686399       1.6904398                   15.741028             -14.050588
              2        2.958045        66.53489     0.021194068        2.831822      0.11929013      0.28657026    0.0075235515       1.0502533      0.82570227      0.31879781     -0.98798802      0.68112311       13.908178       15.438366        1.686399         1.686399       2.5432921                   15.438366             -12.895074
              2       6.3843239        66.53489     0.021145989       2.4871497      0.11929013      0.28657026    0.0075235515       1.0632367      0.84951297       0.3186892     -0.98798489      0.68123609       13.909763        19.97701        1.686399         1.686399       9.3958499                    19.97701              -10.58116
              6       5.6518048       66.380273     0.021145989       2.4871497      0.11812792      0.26296614  -0.00022564874        1.061261      0.84470944      0.31753797     -0.98984082      0.68238697       13.958289       18.511972        1.686399         1.686399       7.9308116                   18.511972              -10.58116
              3       5.3293833       65.918098     0.021145989       2.4871497      0.11953663      0.29249156    0.0025882916       1.0614342      0.84934453      0.32524831     -0.98764741      0.67467558       13.958742       17.867129        1.686399         1.686399       7.2859686                   17.867129              -10.58116
              3       4.4750593       65.918098     0.021455484       2.5319387      0.11953663      0.29249156    0.0025882916       1.0588856      0.84401824      0.32596058     -0.98766743      0.67396273       13.950137       16.977086        1.686399         1.686399       5.5773206                   16.977086             -11.399765
              2       3.7169293       65.918098     0.021437383       2.6570155      0.11953663      0.29249156    0.0025882916       1.0542526        0.835544      0.32591892     -0.98766632      0.67400277       13.950544       17.148619        1.686399         1.686399       4.0610606                   17.148619             -13.087558
              1       3.8246189       65.918098       0.0213958       2.7198023      0.11953663      0.29249156    0.0025882916       1.0520422      0.83160195      0.32582322     -0.98766366      0.67409766       13.951648       17.765898        1.686399         1.686399       4.2764398                   17.765898             -13.489458
              4       2.1734322       66.606128       0.0213958       2.7198023      0.11735024      0.29828097   0.00012979833       1.0518696      0.82397292      0.31419828     -0.98682369      0.68572422        13.94803       14.463524        1.686399         1.686399      0.97406659                   14.463524             -13.489458
              3       2.7756304       66.329009       0.0213958       2.7198023      0.11888246      0.20713427    -0.014263422       1.0529066      0.82795931      0.32031184     -0.99382079      0.67961001       13.941929       15.667921        1.686399         1.686399       2.1784629                   15.667921             -13.489458
              8       3.0911457       66.329009     0.021332396       2.8158516      0.11888246      0.20713427    -0.014263422       1.0495439      0.82205665      0.32016773      -0.9938187       0.6797529        13.94362       16.300758        1.686399         1.686399       2.8094936                   16.300758             -13.491265
              6       2.8485479       66.329009     0.021661857       2.7328591      0.11888246      0.20713427    -0.014263422       1.0517058       0.8252807      0.32091658     -0.99382967      0.67900511        13.93453       16.164558        1.686399         1.686399       2.3242979                   16.164558              -13.84026
              4       3.2769265       66.329009     0.021766445       2.7999571      0.11888246      0.20713427    -0.014263422       1.0489595      0.82016969      0.32115431     -0.99383317      0.67876652       13.931578       17.428457        1.686399         1.686399        3.181055                   17.428457             -14.247402
              1       3.5556943       66.186819     0.021766445       2.7999571      0.11812986      0.19733557    -0.014463436       1.0477104      0.81644288      0.32081769     -0.99440873      0.67910281       13.966425       17.985993        1.686399         1.686399       3.7385907                   17.985993             -14.247402
              1       5.4435355       66.186819      0.02159956       2.9466436      0.11812986      0.19733557    -0.014463436       1.0428331      0.80818711      0.32043673     -0.99440366      0.67948188       13.970981       21.317155        1.686399         1.686399       7.5142731                   21.317155             -13.802882
              1       3.1764132       65.722519      0.02159956       2.9466436      0.11691409      0.49794503     0.061993587       1.0522955      0.75631838      0.32216548     -0.96524062       0.6777519       14.042047       16.782911        1.686399         1.686399       2.9800285                   16.782911             -13.802882
              1       2.5786292       65.458396      0.02159956       2.9466436      0.10723027      0.61462841     0.018286475       1.0314791      0.75176712      0.30217032     -0.94220894      0.69774651       14.284141       15.587343        1.686399         1.686399       1.7844606                   15.587343             -13.802882
              1       2.2402792       65.511295      0.02159956       2.9466436      0.10698124      0.61456339     0.020564144        1.031609      0.74971629      0.30110225     -0.94210788      0.69881471       14.287081       14.910643        1.686399         1.686399       1.1077605                   14.910643             -13.802882
              2         1.47915       65.744151      0.02159956       2.9466436      0.10511885      0.46063517    -0.054978282       1.0357736      0.71497486      0.29466405     -0.96802026      0.70525323       14.384622       13.388384        1.686399         1.686399     -0.41449788                   13.388384             -13.802882
              3       1.8432602       65.744151     0.021695911       2.8579088      0.10511885      0.46063517    -0.054978282       1.0388917      0.71934135      0.29488697     -0.96803815      0.70503147        14.38174       14.629388        1.686399         1.686399      0.31372257                   14.629388             -14.315666
              1       1.7944305       65.394017     0.021695911       2.8579088     0.099724072      0.44224413    -0.031458951       1.0252573      0.71546977      0.28543813      -0.9693112      0.71447966       14.571599       14.531729        1.686399         1.686399      0.21606314                   14.531729             -14.315666
              2       2.6766622       65.394017     0.021801415       2.9210456     0.099724072      0.44224413    -0.031458951       1.0226422      0.71128096      0.28568485     -0.96932898      0.71423212       14.568125       16.341522        1.686399         1.686399       1.9805265                   16.341522             -14.360996
              1       1.3409205       65.540931     0.021801415       2.9210456     0.099681474      0.18491844     -0.06086908       1.0287345        0.684831      0.28430636     -0.99576059      0.71561098       14.621902       13.670039        1.686399         1.686399     -0.69095688                   13.670039             -14.360996
              7       2.7369472       65.540931     0.021689366       3.1082838     0.099681474      0.18491844     -0.06086908       1.0219449      0.67574771      0.28404551     -0.99575543      0.71586938        14.62542       14.405934        1.686399         1.686399       2.1010966                   14.405934             -12.304837
              8       3.3234568       65.540931      0.02198029       3.1465588     0.099681474      0.18491844     -0.06086908       1.0198799      0.67210534      0.28472277     -0.99576888      0.71519162       14.615796       15.981339        1.686399         1.686399       3.2741157                   15.981339             -12.707224
              2       4.5639845       66.442938      0.02198029       3.1465588     0.098080753     0.063647275    -0.074653067       1.0248189      0.64840579      0.27341872      -1.0009971      0.72649797       14.604904       18.462395        1.686399         1.686399       5.7551712                   18.462395             -12.707224
              4       4.1519051       66.442938     0.022144032       3.2643842     0.098080753     0.063647275    -0.074653067       1.0200703        0.641849      0.27378963      -1.0010017      0.72612557       14.599362       15.998575        1.686399         1.686399       4.9310122                   15.998575             -11.067563
              5       3.5633708       66.442938     0.022409687       3.2388686     0.098080753     0.063647275    -0.074653067       1.0204574      0.64158588      0.27439138      -1.0010093      0.72552414       14.590598         15.7377        1.686399         1.686399       3.7539436                     15.7377             -11.983756
             10       3.3066262       66.442938     0.022548859        3.172227     0.098080753     0.063647275    -0.074653067       1.0226475      0.64398607      0.27470663      -1.0010133      0.72520974       14.586067       16.054887        1.686399         1.686399       3.2404545                   16.054887             -12.814432
              1       3.7359524       66.442938     0.022661547       3.2763043     0.098080753     0.063647275    -0.074653067       1.0185389      0.63843879      0.27496189      -1.0010165      0.72495315        14.58225       15.491124        1.686399         1.686399       4.0991069                   15.491124             -11.392017
              3       3.8429128       66.442914     0.022661547       3.2763043     0.097729386     0.072159568    -0.076502615       1.0187357      0.63421698      0.27416618      -1.0009017      0.72574886       14.596266       15.705045        1.686399         1.686399       4.3130278                   15.705045             -11.392017
              1       3.5955405       66.442914     0.022636566       3.1764329     0.097729386     0.072159568    -0.076502615       1.0225097      0.63904067       0.2741096      -1.0009009      0.72580672       14.597189       16.470924        1.686399         1.686399        3.818283                   16.470924             -12.652641
              1       4.0743513       66.442914     0.022959715       3.0956039     0.097729386     0.072159568    -0.076502615       1.0248685      0.64111014      0.27484159      -1.0009109      0.72507576       14.586595       16.781977        1.686399         1.686399       4.7759048                   16.781977             -12.006072
              1       2.4333257       66.195452     0.022959715       3.0956039      0.10147887       0.1392587    -0.070497044       1.0271479       0.6658312       0.2854572     -0.99852963      0.71445952       14.477117       13.499926        1.686399         1.686399       1.4938534                   13.499926             -12.006072
              2       2.9673608       66.195452     0.022935486       3.1981714      0.10147887       0.1392587    -0.070497044       1.0233939       0.6608983      0.28540191     -0.99852867       0.7145135       14.477795       14.259897        1.686399         1.686399       2.5619237                   14.259897             -11.697974
              1       1.8592365       66.195452     0.022540921       3.1049689      0.10147887       0.1392587    -0.070497044       1.0277276       0.6677433      0.28450146     -0.99851316      0.71541515       14.490499       13.711449        1.686399         1.686399      0.34567512                   13.711449             -13.365774
              4       2.9645186       65.716119     0.022540921       3.1049689      0.10245764      0.17153789    -0.060579253       1.0242698      0.68423576       0.2909333     -0.99662667      0.70898208       14.491182       15.922013        1.686399         1.686399       2.5562394                   15.922013             -13.365774
              2       4.4980437       65.716119      0.02252421       3.1842323      0.10245764      0.17153789    -0.060579253       1.0213967      0.68028324       0.2908946     -0.99662597      0.70901975       14.491643       18.333728        1.686399         1.686399       5.6232895                   18.333728             -12.710438
              3       1.6837753       65.716119     0.021996777       3.0730329      0.10245764      0.17153789    -0.060579253       1.0266936      0.68908631       0.2896733     -0.99660383       0.7102425       14.508606       13.657572        1.686399         1.686399   -0.0052473925                   13.657572              -13.66282
              5       1.2828863       66.151905     0.021996777       3.0730329      0.10742147      0.21457075    -0.058151426       1.0337837      0.71486953      0.29721246     -0.99407951      0.70270444       14.304364       12.855794        1.686399         1.686399     -0.80702534                   12.855794              -13.66282
              3       1.1547624       66.151905     0.021880468       3.0367947      0.10742147      0.21457075    -0.058151426        1.035399      0.71754631      0.29694668     -0.99407331      0.70297069       14.307941       12.733689        1.686399         1.686399       -1.063273                   12.733689             -13.796962
              1       1.8292894       65.374046     0.021880468       3.0367947      0.11176139      0.17423503    -0.066611666        1.041087       0.7230466      0.31420999     -0.99720521       0.6857054         14.2657       14.082743        1.686399         1.686399      0.28578089                   14.082743             -13.796962
              2       1.5327933       65.374046     0.021960967       2.9847341      0.11176139      0.17423503    -0.066611666       1.0428316      0.72544026      0.31439835     -0.99720907      0.68551773       14.263352       13.979069        1.686399         1.686399     -0.30721124                   13.979069              -14.28628
              3       1.3688749       65.115627     0.021960967       2.9847341      0.10657153      0.14803258    -0.064011135       1.0346043         0.70649      0.30465865     -0.99816909      0.69525676       14.444759       13.651232        1.686399         1.686399     -0.63504817                   13.651232              -14.28628
              3       1.1579415       65.054445     0.021960967       2.9847341      0.10780449      0.14662555    -0.070395669       1.0382756      0.70255663      0.30814532     -0.99860502      0.69176993       14.421055       13.229365        1.686399         1.686399      -1.0569149                   13.229365              -14.28628
              1        3.688462       65.054445     0.022177395       3.1782895      0.10780449      0.14662555    -0.070395669       1.0305886      0.69112784      0.30865672     -0.99861451      0.69125596       14.414212       16.654002        1.686399         1.686399       4.0041261                   16.654002             -12.649876
              1       2.2293692       65.292031     0.022177395       3.1782895      0.10822301      0.16921464    -0.074708275       1.0335526      0.68684549      0.30739626     -0.99774313      0.69251706       14.382818       13.735817        1.686399         1.686399       1.0859406                   13.735817             -12.649876
              7       2.4816274       65.292031     0.022179864       3.1960402      0.10822301      0.16921464    -0.074708275       1.0328929      0.68592742      0.30740205     -0.99774326      0.69251103       14.382727        13.97467        1.686399         1.686399        1.590457                    13.97467             -12.384213
              1       3.2676483       65.129442     0.022179864       3.1960402      0.10328602     0.080211469    -0.093206797       1.0334445      0.63499757      0.29729998      -1.0020108      0.70261267       14.588949       15.546711        1.686399         1.686399       3.1624987                   15.546711             -12.384213
              4       3.1278908       65.129442     0.022791756       3.3526287      0.10328602     0.080211469    -0.093206797       1.0263253      0.62460671      0.29874249      -1.0020413      0.70116808       14.569226       12.886117        1.686399         1.686399       2.8829838                   12.886117             -10.003133
             12       3.8702864       65.129442     0.022518141       3.0654185      0.10328602     0.080211469    -0.093206797       1.0377362      0.63934745      0.29809745      -1.0020277      0.70181693        14.57824       17.970343        1.686399         1.686399        4.367775                   17.970343             -13.602568
              4       3.6117776       65.129442      0.02251353       3.0830674      0.10328602     0.080211469    -0.093206797       1.0370674      0.63853091      0.29808658      -1.0020275      0.70182756        14.57837       17.385836        1.686399         1.686399       3.8507572                   17.385836             -13.535079
              4       2.0098672       65.019842      0.02251353       3.0830674      0.10385541     0.082149728    -0.088690491         1.03546      0.64853177      0.30043923      -1.0017421      0.69947463       14.562886       14.182015        1.686399         1.686399      0.64693653                   14.182015             -13.535079
              4       1.4066727       65.120296      0.02251353       3.0830674      0.10129352     0.051170574    -0.078411513       1.0279021      0.65466726      0.29347176      -1.0016733      0.70644235       14.619372       12.975626        1.686399         1.686399     -0.55945247                   12.975626             -13.535079
              1       1.8564446       65.002673      0.02251353       3.0830674      0.10456279     0.021320945    -0.074998229       1.0305755       0.6736611      0.30227207      -1.0019436      0.69764174       14.521362        13.87517        1.686399         1.686399      0.34009135                    13.87517             -13.535079
             11         1.03011       65.002673     0.022257088         2.94666      0.10456279     0.021320945    -0.074998229       1.0362971      0.68214559      0.30166515      -1.0019359      0.69825047       14.529621       12.953355        1.686399         1.686399       -1.312578                   12.953355             -14.265933
              6       1.2338565       65.002673     0.022488668       2.9809981      0.10456279     0.021320945    -0.074998229       1.0344739      0.67902158      0.30221323      -1.0019428      0.69770194       14.522243       12.879343        1.686399         1.686399     -0.90508482                   12.879343             -13.784428
              2        2.635089       65.036699     0.022488668       2.9809981       0.1042442     0.027342188    -0.063485478       1.0299422      0.69413636      0.30114389      -1.0013202      0.69877137       14.513171       15.681808        1.686399         1.686399       1.8973801                   15.681808             -13.784428
              6       2.8753968       65.036699     0.022644025       2.7266183       0.1042442     0.027342188    -0.063485478       1.0392518      0.70706077      0.30151118      -1.0013236      0.69840745        14.50847       12.873166        1.686399         1.686399       2.3779957                   12.873166              -10.49517
              1       2.8415223       65.036699     0.022642526       2.7294331       0.1042442     0.027342188    -0.063485478       1.0391466      0.70691244      0.30150764      -1.0013236      0.69841096       14.508515       12.868237        1.686399         1.686399       2.3102467                   12.868237             -10.557991
              5       3.0704174       65.036699     0.022573924        2.692892       0.1042442     0.027342188    -0.063485478       1.0407226      0.70938383      0.30134545      -1.0013221      0.69857363       14.510725       13.079794        1.686399         1.686399       2.7680369                   13.079794             -10.311757
              5       3.1301191       66.661229     0.022573924        2.692892      0.10335491     0.046809355    -0.023082462       1.0347772      0.74736085      0.28483564     -0.99982542      0.71508733        14.34639       13.199197        1.686399         1.686399       2.8874403                   13.199197             -10.311757
              3       3.3046542       66.465936     0.022573924        2.692892      0.10369579     0.052599025    -0.017800262       1.0339795      0.75103219      0.28728356     -0.99966909      0.71263896       14.352216       13.548267        1.686399         1.686399       3.2365106                   13.548267             -10.311757
              2       4.8367043       66.465936     0.022774567        2.610109      0.10369579     0.052599025    -0.017800262       1.0366138      0.75475554      0.28773774     -0.99966984      0.71218583       14.346003       13.061993        1.686399         1.686399       6.3006107                   13.061993              -6.761382
              6        5.440175       66.077551     0.022774567        2.610109      0.10468816      0.17974577      0.00542486       1.0360301       0.7616345      0.29340299     -0.99500207      0.70651968        14.34274       14.268934        1.686399         1.686399       7.5075521                   14.268934              -6.761382
              2       5.1752803       66.077551     0.022547945       2.8198568      0.10468816      0.17974577      0.00542486       1.0287454      0.75040964      0.29288395     -0.99499623      0.70703602       14.349606       19.474647        1.686399         1.686399       6.9777627                   19.474647             -12.496884
              3       5.0611559       66.077551     0.022542475       2.8139471      0.10468816      0.17974577      0.00542486        1.028978      0.75079551      0.29287143     -0.99499609      0.70704862       14.349781       19.202999        1.686399         1.686399       6.7495138                   19.202999             -12.453485
              4       3.6726169       66.056544     0.022542475       2.8139471      0.10039539      0.23833991      0.02462961       1.0254402      0.72320115      0.28321975     -0.99117527      0.71670025       14.487523       16.425921        1.686399         1.686399       3.9724359                   16.425921             -12.453485
              1       4.2839848       66.056544     0.022203006       2.9601445      0.10039539      0.23833991      0.02462961       1.0208331      0.71709906      0.28244177     -0.99115859      0.71747635       14.498354       19.532876        1.686399         1.686399       5.1951716                   19.532876             -14.337705
              1       3.0922463       65.899312     0.022203006       2.9601445     0.097476815      0.12683661     0.042721643       1.0193851      0.69025242      0.27707054     -0.99796855      0.72284719       14.632144         17.1494        1.686399         1.686399       2.8116947                     17.1494             -14.337705
              2       4.7113487       66.038807     0.022203006       2.9601445      0.09514287      0.19594791     0.030237269       1.0144662      0.68820696      0.27054955     -0.99399824      0.72936852       14.682129       20.387604        1.686399         1.686399       6.0498996                   20.387604             -14.337705
              3       2.8705392       66.038807     0.022064326       2.8067023      0.09514287      0.19594791     0.030237269       1.0205585      0.69739506      0.27023156     -0.99399316      0.72968849       14.686999       16.408752        1.686399         1.686399       2.3682805                   16.408752             -14.040471
              6       3.5196028       66.038807     0.022204969       2.6795903      0.09514287      0.19594791     0.030237269        1.025092      0.70361948      0.27055405     -0.99399825      0.72936764       14.682332       15.751959        1.686399         1.686399       3.6664077                   15.751959             -12.085551
