#        weight    minuslogpost              H0         omega_b            Neff       omega_cdm      lambda_qtm       delta_qtm     theta_s_100          sigma8         Omega_m           w_qtm       Omega_qtm             age       chi2__BAO   minuslogprior minuslogprior__0            chi2 chi2__bao.desi_2024_bao_all chi2__gaussian_mixture
              1       3.2758801       67.623331      0.02182197       2.8235054       0.1240401      0.40189408    -0.028014587         1.05997       0.8353867      0.32037816     -0.97667198      0.67954538       13.657079       17.524415        1.686399         1.686399       3.1789623                   17.524415             -14.345452
              2       2.1697797       67.623331     0.022040365       2.9766463       0.1240401      0.40189408    -0.028014587       1.0538334       0.8240086      0.32085575     -0.97669862      0.67906591       13.651316       15.334242        1.686399         1.686399      0.96676148                   15.334242             -14.367481
              1       2.6786599        67.31114     0.022040365       2.9766463      0.12476711      0.39117151    -0.031733141       1.0542291      0.82346092      0.32544353     -0.97827481      0.67447741       13.664189       16.352003        1.686399         1.686399       1.9845219                   16.352003             -14.367481
              2       2.7239765       67.333526     0.022040365       2.9766463      0.12507915      0.39094114    -0.032032353         1.05467       0.8245772      0.32591542     -0.97833339      0.67400557       13.654343       16.442636        1.686399         1.686399       2.0751552                   16.442636             -14.367481
              4       5.1865286       66.597874     0.022040365       2.9766463      0.13038833      0.50524523     -0.05074265       1.0631987      0.82307638      0.34512573     -0.96574164      0.65479345       13.582434        21.36774        1.686399         1.686399       7.0002592                    21.36774             -14.367481
              3       5.6894702       65.919857     0.022040365       2.9766463      0.12927121      0.61409138     0.058491356       1.0634287      0.80503819      0.34969112     -0.94961126       0.6502265       13.658965       22.373623        1.686399         1.686399       8.0061425                   22.373623             -14.367481
              1        5.822147         65.9626     0.022040365       2.9766463      0.12917983      0.61415406     0.061035346       1.0644064      0.80110603      0.34902804     -0.94964384      0.65088969       13.660145       22.638977        1.686399         1.686399       8.2714962                   22.638977             -14.367481
              1       6.0717545         65.9626     0.022506593       2.9505402      0.12917983      0.61415406     0.061035346       1.0641206      0.79984291      0.35009956     -0.94978249       0.6498185       13.648597       22.432357        1.686399         1.686399       8.7707112                   22.432357             -13.661646
              2       1.7336048       65.882802     0.022506593       2.9505402        0.105377      0.79033601    -0.012149629       1.0300762      0.73678363      0.29610976     -0.90235679      0.70380806       14.205831       13.756057        1.686399         1.686399     0.094411627                   13.756057             -13.661646
              1       1.4750178       65.882802     0.022448269       2.8284054        0.105377      0.79033601    -0.012149629       1.0347321      0.74421946      0.29597539     -0.90232644      0.70394401       14.207612       12.634749        1.686399         1.686399     -0.42276239                   12.634749             -13.057511
              4       2.0484031        65.97451     0.022448269       2.8284054      0.10080966      0.78158986   -0.0053428091       1.0292499      0.72357431      0.28465985     -0.90199441      0.71525978        14.33473       13.781519        1.686399         1.686399       0.7240083                   13.781519             -13.057511
              2       1.8732926       65.816915     0.022448269       2.8284054      0.10146634      0.78508366     0.019201685        1.030512      0.72275296      0.28754061     -0.90183263      0.71237863       14.333286       13.431298        1.686399         1.686399       0.3737872                   13.431298             -13.057511
              2       2.8217616       65.816915      0.02227468        3.097712      0.10146634      0.78508366     0.019201685       1.0210277      0.70888332      0.28713988     -0.90174404      0.71277587       14.338228       15.930822        1.686399         1.686399       2.2707252                   15.930822             -13.660097
              2       2.0647134       65.816915     0.022204513       3.0524841      0.10146634      0.78508366     0.019201685       1.0228479      0.71175767      0.28697791      -0.9017076      0.71293843       14.340362       14.758433        1.686399         1.686399      0.75662891                   14.758433             -14.001805
              1       1.4055832       65.816915     0.022316586       2.8870591      0.10146634      0.78508366     0.019201685       1.0286582      0.72024224      0.28723662     -0.90176486      0.71268186       14.337161       13.404209        1.686399         1.686399     -0.56163154                   13.404209              -13.96584
              3       1.4955972       65.934531     0.022316586       2.8870591      0.10185612      0.76807011     0.027040052       1.0302562      0.71878327      0.28710938     -0.90611524       0.7128094       14.323845       13.584237        1.686399         1.686399     -0.38160351                   13.584237              -13.96584
              5      0.99024417       65.963768     0.022316586       2.8870591      0.10893209      0.82527383     0.018506617       1.0382769      0.75558739      0.30311694     -0.89511072       0.6968019       14.089884       12.573531        1.686399         1.686399      -1.3923096                   12.573531              -13.96584
              3       1.1084179       65.933194     0.022316586       2.8870591      0.11022175      0.82251531     0.010491541       1.0388525      0.76427186       0.3063648     -0.89652952      0.69355397       14.056304       12.809878        1.686399         1.686399       -1.155962                   12.809878              -13.96584
              2       1.0774596       66.049784     0.022316586       2.8870591      0.11111139      0.80417238     0.022329815       1.0410676      0.76452165      0.30732342     -0.90150313      0.69259564       14.030849       12.747962        1.686399         1.686399      -1.2178788                   12.747962              -13.96584
              1       1.1732431       66.004786     0.022316586       2.8870591      0.11211238      0.81931777     0.025105825       1.0426115      0.76714112      0.31004021     -0.89835932      0.68987872       14.003441       12.939529        1.686399         1.686399      -1.0263118                   12.939529              -13.96584
              3        1.026195       66.004786     0.022250068       2.9134719      0.11211238      0.81931777     0.025105825       1.0418204      0.76597836      0.30988753     -0.89832371      0.69003107       14.005225       12.901722        1.686399         1.686399      -1.3204078                   12.901722              -14.22213
              3       2.4507186       65.054269     0.022250068       2.9134719      0.11693968      0.84248179     0.049011494       1.0492759      0.76406485      0.33041581     -0.89795086      0.66950039       13.979903       15.750769        1.686399         1.686399       1.5286393                   15.750769              -14.22213
              6       2.9335309       65.054269     0.022145993        2.815338      0.11693968      0.84248179     0.049011494        1.053187      0.77057691      0.33016988     -0.89789082      0.66974762       13.982728       16.430057        1.686399         1.686399       2.4942639                   16.430057             -13.935793
              2       3.3706198       65.099764     0.022145993        2.815338      0.11336123       0.7909692     -0.05826745       1.0516883      0.74497139      0.32126481     -0.90871644      0.67865281       14.102114       17.304235        1.686399         1.686399       3.3684416                   17.304235             -13.935793
              5        2.727711       65.099764     0.022386515       3.1526486      0.11336123       0.7909692     -0.05826745       1.0386034      0.72456895      0.32183235     -0.90884207       0.6780808       14.095254       15.203803        1.686399         1.686399        2.082624                   15.203803             -13.121179
              2       1.9761436       65.099764     0.022273043       3.0921304      0.11336123       0.7909692     -0.05826745       1.0410874      0.72853265       0.3215646     -0.90878317      0.67834936        14.09841       14.286346        1.686399         1.686399      0.57948939                   14.286346             -13.706857
              1       1.7258326       65.099764     0.022348889       3.0222426      0.11336123       0.7909692     -0.05826745       1.0434579      0.73195262      0.32174357     -0.90882214      0.67817132       14.096389       14.121241        1.686399         1.686399     0.078867317                   14.121241             -14.042373
              4       2.0421328       64.910129     0.022348889       3.0222426       0.1143038      0.81597397    -0.059267477       1.0445405      0.73375334      0.32586337     -0.90377115      0.67405101       14.082279       14.753841        1.686399         1.686399      0.71146774                   14.753841             -14.042373
              2       4.3174816       64.910129     0.022518099        3.205877       0.1143038      0.81597397    -0.059267477       1.0374398      0.72272921      0.32626498     -0.90386489      0.67364696       14.077547       17.720734        1.686399         1.686399       5.2621652                   17.720734             -12.458569
              1       3.6930656       64.910129     0.022914892       3.0607674       0.1143038      0.81597397    -0.059267477       1.0416984      0.72830901      0.32720673     -0.90408223      0.67270713       14.066932       16.231925        1.686399         1.686399       4.0133332                   16.231925             -12.218592
              4        3.361739       64.945158     0.022914892       3.0607674       0.1149346        0.874878    -0.058744619       1.0431795      0.73054713      0.32834941     -0.88950748      0.67156454       14.024179       15.569272        1.686399         1.686399       3.3506802                   15.569272             -12.218592
             14       2.7963662       63.495464     0.022914892       3.0607674      0.10366214       1.2694041    -0.033872424       1.0277781      0.69175342      0.31555422     -0.75212172      0.68435576       14.243754       14.438526        1.686399         1.686399       2.2199344                   14.438526             -12.218592
              2       1.7154003       63.495464     0.022596424       2.9896852      0.10366214       1.2694041    -0.033872424       1.0312346      0.69729841       0.3147643     -0.75165969      0.68514666       14.251958       13.514618        1.686399         1.686399     0.058002615                   13.514618             -13.456615
              4       1.7112431       63.362642     0.022596424       2.9896852       0.1040999       1.2437161    -0.043710707       1.0325322      0.69221768      0.31717567     -0.76361726      0.68273492       14.282682       13.506303        1.686399         1.686399     0.049688322                   13.506303             -13.456615
              2       1.4529808       63.362642     0.022313076       3.0559222       0.1040999       1.2437161    -0.043710707       1.0308285      0.69031941      0.31646992     -0.76322411      0.68343975       14.289986       13.471339        1.686399         1.686399     -0.46683634                   13.471339             -13.938176
              2       1.4615037       63.387228     0.022313076       3.0559222      0.10202859       1.2511991    -0.042498604       1.0286411      0.68145059      0.31106931     -0.75712265      0.68884043       14.334545       13.488385        1.686399         1.686399      -0.4497906                   13.488385             -13.938176
              2       1.4834617       63.533113     0.022313076       3.0559222      0.10189449       1.2712301     0.028902687       1.0270481      0.69015211      0.30931017     -0.74763924      0.69059998       14.295934       13.532301        1.686399         1.686399     -0.40587456                   13.532301             -13.938176
              1       1.8918369       63.533113     0.022442474       3.1050149      0.10189449       1.2712301     0.028902687        1.024912      0.68686562      0.30963075     -0.74782954      0.69027872       14.292545       13.919556        1.686399         1.686399       0.4108758                   13.919556              -13.50868
              3       4.5633822       63.533113     0.022376253       3.2795596      0.10189449       1.2712301     0.028902687       1.0187974      0.67833481      0.30946669     -0.74773443      0.69044035       14.294112       17.002138        1.686399         1.686399       5.7539665                   17.002138             -11.248171
              2        1.533305       63.533113     0.022117431       3.0682552      0.10189449       1.2712301     0.028902687       1.0271152      0.69060567      0.30882548     -0.74735227       0.6910845       14.300991       13.546277        1.686399         1.686399     -0.30618788                   13.546277             -13.852465
              5       1.1482965       63.104632     0.022117431       3.0682552     0.098886254      0.93766579     0.072107547       1.0251926      0.64283234      0.30547935     -0.86581034      0.69442941        14.69203        12.77626        1.686399         1.686399      -1.0762049                    12.77626             -13.852465
              8        1.165538       63.104632     0.022137307       3.0711834     0.098886254      0.93766579     0.072107547       1.0250372      0.64258279      0.30552926     -0.86582638      0.69437945        14.69142       12.799926        1.686399         1.686399      -1.0417219                   12.799926             -13.841648
              1        1.444226       62.910709     0.022137307       3.0711834      0.10064501         0.92924     0.072790144       1.0266849       0.6493228      0.31185958     -0.87033171      0.68804856       14.665238       13.357302        1.686399         1.686399     -0.48434587                   13.357302             -13.841648
              2      0.91337523       62.910709     0.022102428       2.9830895      0.10064501         0.92924     0.072790144       1.0301004      0.65385308      0.31177146     -0.87030371      0.68813794       14.666376       12.803818        1.686399         1.686399      -1.5460474                   12.803818             -14.349866
              5       1.7610994       62.910709       0.0224098       2.8360275      0.10064501         0.92924     0.072790144       1.0350396      0.65955822      0.31254809      -0.8705451       0.6873634       14.657211       13.439184        1.686399         1.686399      0.14940096                   13.439184             -13.289783
              2       2.5582719       62.910709     0.022538083       3.1041496      0.10064501         0.92924     0.072790144       1.0245351      0.64555103      0.31287222      -0.8706476      0.68703546       14.653087         15.1195        1.686399         1.686399       1.7437459                     15.1195             -13.375754
              2       1.1741031       62.910709     0.022355228       3.0020559      0.10064501         0.92924     0.072790144       1.0288001      0.65152288       0.3124102     -0.87050305      0.68749893       14.658707       13.054863        1.686399         1.686399      -1.0245918                   13.054863             -14.079455
             13       1.5892968       62.910709     0.022436363       2.8567387      0.10064501         0.92924     0.072790144       1.0341766       0.6583539       0.3126152     -0.87056613      0.68729599       14.656389       13.174954        1.686399         1.686399     -0.19420429                   13.174954             -13.369158
              2       1.6065617       62.910709     0.022397044       3.0534809      0.10064501         0.92924     0.072790144       1.0267598      0.64877132      0.31251586     -0.87053628      0.68739254       14.657395       13.701092        1.686399         1.686399     -0.15967451                   13.701092             -13.860767
              3       1.7004648       63.522023     0.022397044       3.0534809      0.10087893      0.64980952     0.077544772       1.0269176       0.6488252      0.30710948     -0.93784705      0.69280071       14.700032       13.888898        1.686399         1.686399      0.02813162                   13.888898             -13.860767
              4       1.6469252       63.522023     0.022382406       3.0512263      0.10087893      0.64980952     0.077544772        1.027035      0.64901592      0.30707321     -0.93784129      0.69283702       14.700499       13.811279        1.686399         1.686399    -0.078947418                   13.811279             -13.890226
              4       2.3575359       63.526318     0.022382406       3.0512263      0.10110302      0.66000027     0.073472337       1.0258995      0.65583397      0.30758695     -0.93567363      0.69232329       14.683678         15.2325        1.686399         1.686399       1.3422738                     15.2325             -13.890226
              2       4.3404532       63.526318     0.022510004       3.1352764      0.10110302      0.66000027     0.073472337       1.0224697      0.65101827      0.30790313     -0.93572499      0.69200594       14.679564       18.505906        1.686399         1.686399       5.3081085                   18.505906             -13.197797
              4       2.1324029       63.526318     0.022131689       3.0706171      0.10110302      0.66000027     0.073472337        1.025727      0.65627317      0.30696569     -0.93557311      0.69294428       14.691602       14.734707        1.686399         1.686399      0.89200794                   14.734707             -13.842699
              2       2.8137737       63.526318     0.022194613        2.702456      0.10110302      0.66000027     0.073472337       1.0397542      0.67481302      0.30712161     -0.93559739      0.69279348       14.689953       14.748538        1.686399         1.686399       2.2547496                   14.748538             -12.493789
              3      0.80338358       63.526318      0.02204056       2.9063522      0.10110302      0.66000027     0.073472337       1.0321725      0.66504269      0.30673987      -0.9355361      0.69317238       14.694647       12.701966        1.686399         1.686399      -1.7660307                   12.701966             -14.467997
              5       1.7712213       63.526318     0.021866666       2.7749672      0.10110302      0.66000027     0.073472337        1.037656      0.67287481      0.30630897     -0.93546592      0.69360511       14.700294       14.244561        1.686399         1.686399      0.16964466                   14.244561             -14.074917
              1       1.2170651       63.459743     0.021866666       2.7749672      0.10092463      0.65123888     0.060310932       1.0324404      0.69006185      0.30650903     -0.93671563      0.69340487       14.698652       13.136249        1.686399         1.686399     -0.93866777                   13.136249             -14.074917
              3       2.9904567       62.244974     0.021866666       2.7749672      0.10720167      0.94802709     0.063857815       1.0412251      0.70575625      0.33479052     -0.87173447      0.66511995       14.534263       16.683032        1.686399         1.686399       2.6081154                   16.683032             -14.074917
              2       3.7611215       62.797236     0.021866666       2.7749672      0.11325871       1.1050151     0.049964936       1.0482159      0.74675813      0.34428748     -0.82704208      0.65562459       14.217199       18.224362        1.686399         1.686399        4.149445                   18.224362             -14.074917
              2       1.6828015       63.053667     0.021866666       2.7749672       0.1046012       1.1863944    0.0043430944       1.0348611      0.73264776      0.31971711     -0.78677975      0.68019564       14.348522       14.067722        1.686399         1.686399   -0.0071948421                   14.067722             -14.074917
              8       1.6372949       63.053667     0.021531167       2.7210086       0.1046012       1.1863944    0.0043430944       1.0378021      0.73786979      0.31887325     -0.78635932      0.68104026         14.3576       13.588454        1.686399         1.686399    -0.098208104                   13.588454             -13.686662
              2       2.1988375       62.720167     0.021531167       2.7210086     0.098866184      0.96094191     0.031079288       1.0276747      0.70579503      0.30769457     -0.85845214      0.69221801       14.703029       14.711539        1.686399         1.686399       1.0248772                   14.711539             -13.686662
              2        1.389741        62.72379     0.021531167       2.7210086     0.099463894      0.96025866     0.042911917       1.0307844      0.69947834      0.30917827     -0.85937122      0.69073433       14.692978       13.093346        1.686399         1.686399     -0.59331582                   13.093346             -13.686662
              1       1.5085963       63.343751     0.021531167       2.7210086      0.10108508      0.90189529     0.031982154       1.0316543      0.71855038      0.30719628     -0.87560923      0.69271802       14.593935       13.331056        1.686399         1.686399     -0.35560532                   13.331056             -13.686662
              2       2.2616758       63.732086     0.021531167       2.7210086     0.099413864      0.71347063     -0.03013552       1.0277194      0.71634692      0.29934958     -0.92148473      0.70056579       14.680602       14.837215        1.686399         1.686399       1.1505537                   14.837215             -13.686662
              1       2.2185755       63.732086     0.021110945       2.7379801     0.099413864      0.71347063     -0.03013552       1.0281049      0.71802858      0.29831501     -0.92129762      0.70160013       14.694036       13.760173        1.686399         1.686399       1.0643531                   13.760173              -12.69582
              2       2.8365151       63.732086     0.021101618       2.5070624     0.099413864      0.71347063     -0.03013552       1.0370704      0.73172598      0.29829204      -0.9212927      0.70162629       14.694548       13.142784        1.686399         1.686399       2.3002322                   13.142784             -10.842552
              1       3.2315581       63.792205     0.021101618       2.5070624     0.098148744      0.72483123    -0.031588607       1.0361033      0.72429812      0.29462125     -0.91805728      0.70529723       14.725348       13.932871        1.686399         1.686399       3.0903184                   13.932871             -10.842552
              2       2.6432234       64.146327     0.021101618       2.5070624      0.10112855      0.65868273     0.016363637       1.0380731      0.74931681      0.29861908     -0.93295321      0.70130031       14.608284       12.756201        1.686399         1.686399       1.9136488                   12.756201             -10.842552
              1       3.8195285       64.146327     0.021406587       2.4123266      0.10112855      0.65868273     0.016363637       1.0410089      0.75322093      0.29936024     -0.93306604      0.70056045       14.598706       13.215303        1.686399         1.686399       4.2662591                   13.215303             -8.9490437
              4       2.0952402       64.146327     0.021454862       2.5677333      0.10112855      0.65868273     0.016363637        1.034819      0.74323778      0.29947756     -0.93308436        0.700441       14.597039       12.804524        1.686399         1.686399       0.8176825                   12.804524             -11.986842
              8       2.3958621       64.146327     0.021461015       2.5183968      0.10112855      0.65868273     0.016363637       1.0367156      0.74622566      0.29949252      -0.9330865      0.70042672       14.596889       12.571142        1.686399         1.686399       1.4189262                   12.571142             -11.152216
              2       2.5576712       63.672099     0.021461015       2.5183968     0.099627208      0.71097496     0.037756559       1.0371982      0.72400171       0.3002671      -0.9223586      0.69965092       14.688634       12.894761        1.686399         1.686399       1.7425444                   12.894761             -11.152216
              3       1.6515404       63.672099     0.021594347       2.6656685     0.099627208      0.71097496     0.037756559       1.0311345      0.71451782      0.30059598     -0.92241833         0.69932        14.68424       13.163451        1.686399         1.686399    -0.069717136                   13.163451             -13.233168
              1       1.3709791       63.989436     0.021594347       2.6656685      0.10098999      0.90228872   -0.0094670024       1.0331974      0.73227712      0.30095012     -0.87344845      0.69896666       14.513974       12.602329        1.686399         1.686399     -0.63083967                   12.602329             -13.233168
              1       1.2828166       63.989436      0.02159401       2.6931553      0.10098999      0.90228872   -0.0094670024       1.0321504      0.73065598      0.30094929     -0.87344836      0.69896711        14.51396       12.697534        1.686399         1.686399     -0.80716477                   12.697534             -13.504698
              3        1.274282       63.989436     0.021542534       2.6925237      0.10098999      0.90228872   -0.0094670024       1.0323075      0.73101967      0.30082358     -0.87341198      0.69909283       14.515508       12.656486        1.686399         1.686399      -0.8242339                   12.656486              -13.48072
              5       2.3602766       63.989436     0.021493523       2.5644179      0.10098999      0.90228872   -0.0094670024       1.0373525      0.73899596      0.30070388     -0.87337665      0.69921429       14.517096       13.266838        1.686399         1.686399       1.3477554                   13.266838             -11.919082
              1       3.4464092       63.878326     0.021493523       2.5644179     0.098602536      0.88662675     0.032532179       1.0365531      0.71656803       0.2958999     -0.87672608      0.70401798       14.619023       15.439103        1.686399         1.686399       3.5200206                   15.439103             -11.919082
              4       1.0961739       63.878326     0.021575167       2.7743041     0.098602536      0.88662675     0.032532179       1.0282423      0.70402738      0.29609999     -0.87678395      0.70381501       14.616312       12.828731        1.686399         1.686399        -1.18045                   12.828731             -14.009181
              1       2.9548145       62.677638     0.021575167       2.7743041     0.087660112      0.80833365    -0.068733924       1.0171959      0.61387121      0.27969913     -0.89496594      0.72021259       15.189454       16.546012        1.686399         1.686399       2.5368311                   16.546012             -14.009181
              3       2.9913612       62.692257     0.021575167       2.7743041     0.087696012      0.81023615    -0.068622466       1.0172981      0.61416774      0.27966004     -0.89444149      0.72025171       15.185353       16.619106        1.686399         1.686399       2.6099244                   16.619106             -14.009181
              3       1.0656602       62.423578     0.021575167       2.7743041     0.095791803      0.83059832    -0.063877221       1.0264739      0.65848064       0.3028486     -0.89469498      0.69706239       14.925959       12.767704        1.686399         1.686399      -1.2414776                   12.767704             -14.009181
              8       1.2764387       62.423578     0.021833202       2.7964088     0.095791803      0.83059832    -0.063877221       1.0250284      0.65584721      0.30351079     -0.89486128      0.69639988       14.917495       13.405563        1.686399         1.686399     -0.81992041                   13.405563             -14.225484
              8       1.3891022       62.365128     0.021833202       2.7964088     0.096106583      0.84039616    -0.063352276       1.0252257      0.65769263      0.30488929     -0.89261793      0.69502121       14.908951        13.63089        1.686399         1.686399     -0.59459341                    13.63089             -14.225484
              1       1.7096057       64.053903     0.021833202       2.7964088      0.09465522      0.95066047    -0.018643902       1.0218788      0.68738742      0.28548706     -0.85414659      0.71442809       14.669755       14.271897        1.686399         1.686399     0.046413574                   14.271897             -14.225484
              2       1.7258932       64.053903     0.021850856       2.8414877      0.09465522      0.95066047    -0.018643902        1.020126      0.68483713      0.28553009     -0.85416123      0.71438445       14.669163       14.481223        1.686399         1.686399     0.078988406                   14.481223             -14.402235
              2       1.9104412       64.053903     0.022024463       2.8518533      0.09465522      0.95066047    -0.018643902       1.0193043      0.68323869      0.28595322     -0.85430234      0.71396117       14.663756       14.799438        1.686399         1.686399      0.44808444                   14.799438             -14.351354
              1       1.9314928       64.053903     0.022024178       2.8566343      0.09465522      0.95066047    -0.018643902       1.0191247      0.68298385      0.28595253     -0.85430214       0.7139618       14.663761       14.860153        1.686399         1.686399      0.49018769                   14.860153             -14.369965
              1       3.0763542       63.224923     0.022024178       2.8566343     0.087659379      0.94106556    -0.052409491         1.01283      0.62305519      0.27599926      -0.8545068      0.72391281       15.015168       17.149876        1.686399         1.686399       2.7799106                   17.149876             -14.369965
              1       2.6343385       63.157676     0.022024178       2.8566343     0.088425138      0.92518848    -0.050637534       1.0128428        0.629016      0.27850704     -0.86030296      0.72140485       15.005566       16.265844        1.686399         1.686399       1.8958792                   16.265844             -14.369965
              8       2.6856498       63.157676     0.022101149       2.8474943     0.088425138      0.92518848    -0.050637534       1.0130218      0.62902992          0.2787     -0.86036538      0.72121201       15.002998        16.22764        1.686399         1.686399       1.9985017                    16.22764             -14.229139
              6        2.673949       63.157676     0.021818512       2.8341074     0.088425138      0.92518848    -0.050637534       1.0141785      0.63128972      0.27799144     -0.86013575      0.72192076       15.012487         16.3531        1.686399         1.686399       1.9751001                     16.3531                -14.378
              2       4.6457427       63.157676     0.021246886       3.0265872     0.088425138      0.92518848    -0.050637534       1.0080772      0.62515657       0.2765584     -0.85967168      0.72335109       15.031523        17.16773        1.686399         1.686399       5.9186875                    17.16773             -11.249043
             12       3.9199248       63.157676     0.021210392        2.918208     0.088425138      0.92518848    -0.050637534       1.0122971      0.63060889      0.27646691     -0.85964126      0.72344411       15.032867       16.859588        1.686399         1.686399       4.4670516                   16.859588             -12.392537
              1       4.2041847       63.157676     0.021153075       2.9417773     0.088425138      0.92518848    -0.050637534       1.0115195      0.62978234      0.27632322     -0.85959467      0.72358747       15.034777        16.85293        1.686399         1.686399       5.0355715                    16.85293             -11.817358
              6       4.1628227       63.157676     0.021141822       2.9144118     0.088425138      0.92518848    -0.050637534        1.012596      0.63118537      0.27629501     -0.85958533      0.72361606       15.035186       16.995605        1.686399         1.686399       4.9528475                   16.995605             -12.042758
              3       4.1617294       63.161839     0.021141822       2.9144118     0.088429492      0.92471602    -0.050544893       1.0125842      0.63131283       0.2762695      -0.8597229      0.72364158       15.034738       16.993419        1.686399         1.686399        4.950661                   16.993419             -12.042758
