#        weight    minuslogpost              H0         omega_b            Neff       omega_cdm      lambda_qtm       delta_qtm     theta_s_100          sigma8         Omega_m           w_qtm       Omega_qtm             age       chi2__BAO   minuslogprior minuslogprior__0            chi2 chi2__bao.desi_2024_bao_all chi2__gaussian_mixture
              1       10.668393       67.222849     0.021987178       2.7565438      0.12693658      0.50437956     0.056425726       1.0718654      0.81812058      0.33098207     -0.96485119      0.66894133       13.619655       31.726427        1.686399         1.686399       17.963987                   31.726427              -13.76244
              2       3.4918873       66.876147     0.021987178       2.7565438      0.12237594      0.60348956     0.027573448       1.0594999      0.82733386       0.3242256     -0.94720834      0.67569712       13.723942       17.373416        1.686399         1.686399       3.6109767                   17.373416              -13.76244
              1       2.6857964       66.977061     0.021987178       2.7565438       0.1162871      0.50839317     0.030026633       1.0530827      0.80055642        0.309676     -0.96148245      0.69024683       13.899759       15.761235        1.686399         1.686399       1.9987949                   15.761235              -13.76244
              4       2.3080952       66.977061     0.021836738       2.7938521       0.1162871      0.50839317     0.030026633       1.0520991      0.79916974      0.30934064      -0.9614523      0.69058172       13.903852       15.453867        1.686399         1.686399       1.2433925                   15.453867             -14.210475
              9       2.3467972       67.278469     0.021836738       2.7938521      0.11584233      0.61934877   -0.0048842235       1.0510289      0.80701741      0.30559266     -0.94166348      0.69433052        13.85181       15.531271        1.686399         1.686399       1.3207964                   15.531271             -14.210475
              2       2.0614284       67.184852     0.021836738       2.7938521      0.11573848      0.61524253   0.00092268671       1.0505033      0.80666939      0.30621481     -0.94251574      0.69370815       13.864414       14.960534        1.686399         1.686399      0.75005896                   14.960534             -14.210475
              6       1.3779229       67.184852     0.021652872       2.9112525      0.11573848      0.61524253   0.00092268671       1.0467016      0.80042669      0.30580746     -0.94246285      0.69411403       13.869306       13.514374        1.686399         1.686399     -0.61695208                   13.514374             -14.131326
              3       1.3900188       67.168254     0.021652872       2.9112525      0.11622564      0.61699878   0.00055166142       1.0471817       0.8025556      0.30703841     -0.94229198      0.69288304       13.857208       13.538566        1.686399         1.686399     -0.59276038                   13.538566             -14.131326
              3       1.4106667       66.137595     0.021652872       2.9112525       0.1136435      0.46126399    -0.044354909       1.0454214      0.76727137      0.31077908     -0.96884647      0.68913965       14.082239       13.579861        1.686399         1.686399     -0.55146454                   13.579861             -14.131326
              1       1.3797048       66.137595     0.021682061       2.9029934       0.1136435      0.46126399    -0.044354909       1.0456522      0.76758056      0.31084581     -0.96885158      0.68907302       14.081415       13.607754        1.686399         1.686399     -0.61338821                   13.607754             -14.221142
              3       1.6593448       65.459625     0.021682061       2.9029934      0.10626939      0.65719337     -0.01622085       1.0320475      0.74940499      0.30010905     -0.93348503      0.69980836         14.2965       14.167034        1.686399         1.686399    -0.054108282                   14.167034             -14.221142
              2       2.8863896       64.844365     0.021682061       2.9029934      0.10420141       0.6579539    -0.023259936       1.0283675      0.73521734      0.30091296     -0.93353611      0.69900287        14.42415       16.621124        1.686399         1.686399       2.3999813                   16.621124             -14.221142
              2       2.3667428       64.931117     0.021682061       2.9029934      0.10051071      0.72213815     0.011073648        1.023875       0.7210313      0.29135546     -0.91782364      0.70856058       14.502071        15.58183        1.686399         1.686399       1.3606878                    15.58183             -14.221142
              1       1.5350083       64.720956     0.021682061       2.9029934      0.10740661      0.92104746   -0.0024500812       1.0340529       0.7505887      0.30971337     -0.87060561       0.6902021       14.235347       13.918361        1.686399         1.686399     -0.30278136                   13.918361             -14.221142
              5       1.2789873       64.842081     0.021682061       2.9029934      0.10336979      0.99427098     0.023224443       1.0329398      0.72361774      0.29895592     -0.84495886       0.7009596       14.303599       13.406319        1.686399         1.686399     -0.81482328                   13.406319             -14.221142
              2       1.2564339       64.929111     0.021682061       2.9029934      0.10048829      0.94946781    0.0057572799       1.0275761      0.71645397      0.29132027     -0.85637891      0.70859574       14.397096       13.361212        1.686399         1.686399     -0.85993002                   13.361212             -14.221142
              1       1.3269804       64.929111     0.021636368       2.9127015      0.10048829      0.94946781    0.0057572799       1.0273325      0.71618972      0.29121188     -0.85634341        0.708704       14.398427       13.368625        1.686399         1.686399     -0.71883705                   13.368625             -14.087462
              2       1.3230514       64.926515     0.021636368       2.9127015      0.10050353      0.94964114    0.0058462833       1.0273475      0.71624497       0.2912713     -0.85630933      0.70864457       14.398182       13.360767        1.686399         1.686399     -0.72669515                   13.360767             -14.087462
              4       3.8283189       65.127342     0.021636368       2.9127015      0.10222689      0.92710354     0.045893904       1.0353035      0.70336095      0.29354077       -0.864413      0.70637562       14.356965       18.371302        1.686399         1.686399       4.2838398                   18.371302             -14.087462
              2       2.5824394       65.127342     0.021661274       3.0254986      0.10222689      0.92710354     0.045893904       1.0310167      0.69710958      0.29359949     -0.86443211      0.70631541       14.356143       15.097101        1.686399         1.686399       1.7920808                   15.097101              -13.30502
              8       2.5074395       63.629508     0.021661274       3.0254986      0.10229882      0.80075978     0.079716762       1.0347098      0.65482772      0.30776249     -0.90416279      0.69214837       14.616226       14.947101        1.686399         1.686399       1.6420812                   14.947101              -13.30502
              5       2.5138261       63.911747     0.021661274       3.0254986     0.099828303      0.87748993     0.043541379       1.0222985      0.68731383      0.29900206     -0.88039373      0.70090957        14.58441       14.959874        1.686399         1.686399       1.6548542                   14.959874              -13.30502
              1       2.2582886       63.911747     0.021419409        3.001354     0.099828303      0.87748993     0.043541379       1.0237795      0.69001635      0.29840994     -0.88022901      0.70150203       14.591832       13.717462        1.686399         1.686399       1.1437794                   13.717462             -12.573683
              2       2.0324228       64.067498     0.021419409        3.001354     0.097980335      0.87756946     0.051370044       1.0239408      0.67389386      0.29245867     -0.87872353      0.70745372       14.638369       13.265731        1.686399         1.686399      0.69204771                   13.265731             -12.573683
              2       1.9011064       64.067498     0.021440864       2.9843176     0.097980335      0.87756946     0.051370044       1.0245311      0.67465224      0.29251094     -0.87873823      0.70740168       14.637719       13.300853        1.686399         1.686399      0.42941485                   13.300853             -12.871438
              8       2.0706365       64.922552     0.021440864       2.9843176      0.10287221        0.881536   -0.0032786471       1.0265613      0.72707991      0.29646276     -0.87806604      0.70345215       14.369438       13.639913        1.686399         1.686399      0.76847502                   13.639913             -12.871438
              1       3.1603884       64.922552     0.021225223       3.0365385      0.10287221        0.881536   -0.0032786471       1.0252012      0.72547763      0.29595115     -0.87792398      0.70396307       14.375735       13.895166        1.686399         1.686399        2.947979                   13.895166             -10.947187
              1       2.8348087       64.941438     0.021225223       3.0365385       0.1027097      0.89830587    -0.015233851       1.0259913      0.72188498      0.29539373     -0.87302278      0.70452054       14.372364       13.244007        1.686399         1.686399       2.2968196                   13.244007             -10.947187
              2       2.2999639       64.941438     0.021212623       2.9845104       0.1027097      0.89830587    -0.015233851       1.0279329      0.72487323      0.29536385     -0.87301384      0.70455111       14.372778         12.8755        1.686399         1.686399       1.2271298                     12.8755              -11.64837
              3        2.418782       64.573464     0.021212623       2.9845104      0.10147788      0.87672492    -0.026940405       1.0261213        0.713505      0.29578552      -0.8794167      0.70412847         14.4645       13.113136        1.686399         1.686399       1.4647662                   13.113136              -11.64837
              1       2.1474141       64.832314     0.021212623       2.9845104      0.10512058      0.80263079    -0.041135537        1.032745      0.72236936      0.30209477      -0.9010409      0.69781991       14.370199         12.5704        1.686399         1.686399      0.92203023                     12.5704              -11.64837
              7       1.0471266       64.832314     0.021552872       2.8854734      0.10512058      0.80263079    -0.041135537       1.0355851      0.72586119      0.30290426     -0.90122652      0.69701175       14.360257       12.703833        1.686399         1.686399      -1.2785446                   12.703833             -13.982378
              2       1.9467548       64.762918     0.021552872       2.8854734      0.10749486      0.74474516    -0.027600642       1.0346658      0.74825535      0.30921458     -0.91620013      0.69070126       14.310974       14.503089        1.686399         1.686399      0.52071162                   14.503089             -13.982378
              2       1.4548498       64.762918     0.021793233       2.7979196      0.10749486      0.74474516    -0.027600642       1.0373015      0.75190896      0.30978766     -0.91631043      0.69012935       14.304022       13.777105        1.686399         1.686399     -0.46309828                   13.777105             -14.240204
              1       1.4517296       64.762918     0.021872614       2.7590844      0.10749486      0.74474516    -0.027600642       1.0385498      0.75372612      0.30997692     -0.91634679      0.68994061       14.301738       13.480599        1.686399         1.686399     -0.46933867                   13.480599             -13.949938
              1       2.0055625       64.762918     0.021915619       2.8469893      0.10749486      0.74474516    -0.027600642       1.0351588      0.74822987      0.31007945     -0.91636686       0.6898369        14.30041       15.047393        1.686399         1.686399      0.63832708                   15.047393             -14.409065
              6       2.8597411       65.561049     0.021915619       2.8469893      0.10390941      0.89860909     0.034382758       1.0374662      0.72474139        0.294234     -0.87282906      0.70568435       14.259612        16.75575        1.686399         1.686399       2.3466842                    16.75575             -14.409065
              4       2.2113939       65.561049     0.021621989       3.0986124      0.10390941      0.89860909     0.034382758       1.0288853       0.7125206      0.29355086     -0.87263006       0.7063642       14.267809       13.212797        1.686399         1.686399       1.0499899                   13.212797             -12.162807
              1       3.1928375       65.329912     0.021621989       3.0986124      0.10191483      0.85503612    0.0049537519       1.0217777      0.71619289      0.29095838     -0.88399162      0.70895609       14.361116       15.175684        1.686399         1.686399       3.0128771                   15.175684             -12.162807
              1       2.0998467       65.386121     0.021621989       3.0986124      0.10359558       0.9119406    -0.031915708       1.0277185      0.71217232      0.29438961     -0.86893516        0.705525       14.287423       12.989702        1.686399         1.686399      0.82689552                   12.989702             -12.162807
              9       2.2723732       65.386121     0.021720887       3.1387214      0.10359558       0.9119406    -0.031915708         1.02601      0.70941951      0.29462093     -0.86900513      0.70529315        14.28455       13.106689        1.686399         1.686399       1.1719486                   13.106689              -11.93474
              2        2.066702       65.386121     0.021772798        3.127994      0.10359558       0.9119406    -0.031915708       1.0262688      0.70968839      0.29474235     -0.86904168      0.70517187       14.283069       13.086933        1.686399         1.686399      0.76060614                   13.086933             -12.326326
              2       2.4390587       65.144539     0.021772798        3.127994     0.099899186      0.92368672    -0.037820359       1.0223422      0.68716339      0.28822236     -0.86361776      0.71169123       14.414646       13.831646        1.686399         1.686399       1.5053196                   13.831646             -12.326326
              2       2.7537974       65.264129     0.021772798        3.127994     0.099396091       1.0103103    -0.012174285       1.0206761      0.69569056      0.28598576     -0.83483284      0.71392799       14.354116       14.461123        1.686399         1.686399       2.1347969                   14.461123             -12.326326
              4       2.7391434       65.264129     0.021770696       3.1258162     0.099396091       1.0103103    -0.012174285       1.0207607      0.69581803      0.28598082     -0.83483096      0.71393296       14.354179        14.45867        1.686399         1.686399       2.1054889                    14.45867             -12.353181
              5       2.1054914       65.264129     0.021870425        3.029525     0.099396091       1.0103103    -0.012174285       1.0240279      0.70036805      0.28621496     -0.83491882      0.71370009       14.351394       14.680071        1.686399         1.686399      0.83818485                   14.680071             -13.841886
              8       2.5996966       65.264129     0.021694922       2.9936365     0.099396091       1.0103103    -0.012174285       1.0258009      0.70335778      0.28580292     -0.83476277       0.7141126       14.356475       15.549729        1.686399         1.686399       1.8265952                   15.549729             -13.723134
              1       2.4665464       65.264129     0.021728097       3.0579703     0.099396091       1.0103103    -0.012174285       1.0233468       0.6996833      0.28588081     -0.83479267      0.71403386       14.355464       14.717151        1.686399         1.686399       1.5602948                   14.717151             -13.156856
              1       2.5729839       65.274408     0.021728097       3.0579703     0.099266221       1.0146013    -0.012797789       1.0233773      0.69875329        0.285486     -0.83319494      0.71442873       14.355504       14.930026        1.686399         1.686399       1.7731699                   14.930026             -13.156856
              3       2.1223594       64.780267     0.021728097       3.0579703     0.099595033       1.0634496    -0.017068848        1.023484      0.69682834      0.29064165     -0.81836451      0.70927192       14.372032       14.028777        1.686399         1.686399      0.87192088                   14.028777             -13.156856
              2       3.6171808       64.644196     0.021728097       3.0579703     0.094268418       1.0389447      0.02928502       1.0174572      0.66511534      0.27911992     -0.82238185      0.72079325       14.564763        17.01842        1.686399         1.686399       3.8615637                    17.01842             -13.156856
              2       5.1807106       64.644196     0.021700017        3.236035     0.094268418       1.0389447      0.02928502       1.0109851      0.65637992      0.27905272     -0.82235577      0.72085805       14.565438        16.82453        1.686399         1.686399       6.9886232                    16.82453             -9.8359066
              1       5.1946509       64.644196     0.021612555       3.2222428     0.094268418       1.0389447      0.02928502       1.0116984      0.65754896      0.27884343     -0.82227019      0.72106753       14.568072       16.671873        1.686399         1.686399       7.0165039                   16.671873             -9.6553696
              3       5.5766059       65.369396     0.021612555       3.2222428      0.10158788      0.87916512   -0.0061336188       1.0175782       0.7073324       0.2898198     -0.87689297      0.71009315        14.35515       17.435783        1.686399         1.686399       7.7804139                   17.435783             -9.6553696
              2       9.4314037       65.544449     0.021612555       3.2222428      0.11030128      0.95305924    -0.072551696       1.0437537      0.69002471      0.30855601     -0.86222405      0.69135739       14.102702       25.145379        1.686399         1.686399        15.49001                   25.145379             -9.6553696
              3       12.004453       65.544449     0.021598111       3.0972661      0.11030128      0.95305924    -0.072551696       1.0484362      0.69658466      0.30852239     -0.86221225      0.69139265       14.103195         32.7096        1.686399         1.686399       20.636107                     32.7096             -12.073493
              2       11.868612       65.544449     0.021625688       3.0940788      0.11030128      0.95305924    -0.072551696       1.0484885      0.69659663      0.30858658     -0.86223343       0.6913285       14.102456       32.615645        1.686399         1.686399       20.364427                   32.615645             -12.251218
              2       8.7876966       65.544449     0.021815281       3.1739749      0.11030128      0.95305924    -0.072551696       1.0450492      0.69137665       0.3090279     -0.86237952      0.69088614       14.097296       25.902009        1.686399         1.686399       14.202595                   25.902009             -11.699414
              4       2.9384632       64.740284     0.021815281       3.1739749      0.10685847      0.99124206    -0.036267933       1.0283243       0.7157307      0.30853826     -0.84949135      0.69137336       14.222116       14.203543        1.686399         1.686399       2.5041285                   14.203543             -11.699414
              1       2.9974069       65.039673     0.021815281       3.1739749      0.10258896       1.0017581    -0.019046927       1.0221832      0.70617821      0.29561132     -0.84128967      0.70430118       14.293928        14.32143        1.686399         1.686399       2.6220159                    14.32143             -11.699414
              3        4.859167        64.62758     0.021815281       3.1739749     0.099206967       0.9423484    -0.022182406       1.0157941      0.68964513      0.29129619     -0.85867915      0.70861539       14.472416        18.04495        1.686399         1.686399       6.3455362                    18.04495             -11.699414
              3       3.6216568        64.78408     0.021815281       3.1739749      0.10223305      0.81584898     0.044945974       1.0217481      0.69139768      0.29710069     -0.89657109      0.70281133       14.440688        15.56993        1.686399         1.686399       3.8705157                    15.56993             -11.699414
             15       2.4435337       63.590047     0.021815281       3.1739749     0.098683241      0.92306954     0.074451054       1.0239549      0.63625669      0.29958414     -0.86835543      0.70032454       14.662615       13.213684        1.686399         1.686399       1.5142696                   13.213684             -11.699414
              2       2.5633801       62.849529     0.021815281       3.1739749     0.094921107      0.94819624     0.080550897       1.0190196      0.60925248      0.29716112      -0.8602116      0.70274539       14.860999       13.453376        1.686399         1.686399       1.7539623                   13.453376             -11.699414
              1       3.2820912       62.849529     0.021974356       2.9280151     0.094921107      0.94819624     0.080550897       1.0281354       0.6197804      0.29756383     -0.86034533      0.70234617       14.856211       17.665339        1.686399         1.686399       3.1913846                   17.665339             -14.473955
              1        1.559771       62.849529      0.02222761        3.091807     0.094921107      0.94819624     0.080550897       1.0212637       0.6108268      0.29820497     -0.86056146       0.7017027       14.848045       13.452239        1.686399         1.686399      -0.2532559                   13.452239             -13.705495
              7       1.4639392       62.844325      0.02222761        3.091807     0.094955715      0.94286624     0.079606323       1.0208191      0.61246601      0.29834199      -0.8621995      0.70156566       14.849043       13.260575        1.686399         1.686399     -0.44491956                   13.260575             -13.705495
              5       1.9027048       62.844325     0.022319661       2.9601818     0.094955715      0.94286624     0.079606323       1.0256808      0.61807984      0.29857507     -0.86227588      0.70133446       14.846266       14.597973        1.686399         1.686399      0.43261175                   14.597973             -14.165362
              3       1.6076407       62.844325     0.022378009       2.9932466     0.094955715      0.94286624     0.079606323        1.024275      0.61622349      0.29872281     -0.86232498      0.70118625       14.844391       13.892107        1.686399         1.686399     -0.15751641                   13.892107             -14.049623
              4       2.9700006       62.844325      0.02248984        2.876208     0.094955715      0.94286624     0.079606323       1.0285801      0.62114473      0.29900597     -0.86241797      0.70090476       14.840978       15.881414        1.686399         1.686399       2.5672034                   15.881414             -13.314211
              4       2.8666178       62.844325     0.022496186       2.8822719     0.094955715      0.94286624     0.079606323       1.0283289      0.62082167      0.29902204     -0.86242332       0.7008886       14.840772       15.695074        1.686399         1.686399       2.3604377                   15.695074             -13.334636
              1       1.9133887       62.844325     0.022366933       2.9564917     0.094955715      0.94286624     0.079606323       1.0257209      0.61800166      0.29869476     -0.86231548      0.70121482       14.844777       14.517888        1.686399         1.686399      0.45397948                   14.517888             -14.063908
              3       1.3838008       62.835841     0.022366933       2.9564917     0.096142913      0.93086321     0.078162557       1.0264834      0.62573088      0.30178225      -0.8668784      0.69812731       14.812625       13.458712        1.686399         1.686399     -0.60519636                   13.458712             -14.063908
              1        1.361697       62.835841     0.022384167       2.9603483     0.096142913      0.93086321     0.078162557       1.0262965        0.625455       0.3018259      -0.8668924       0.6980836        14.81208       13.379928        1.686399         1.686399     -0.64940385                   13.379928             -14.029332
              5       2.7826113       62.835841     0.022327038       3.2156483     0.096142913      0.93086321     0.078162557       1.0167196      0.61393694      0.30168121     -0.86684753      0.69822466       14.813623        14.47189        1.686399         1.686399       2.1924246                    14.47189             -12.279466
              2       1.6368445       62.835841     0.022426886       3.1222431     0.096142913      0.93086321     0.078162557       1.0200164      0.61766579       0.3019341     -0.86692801      0.69797311       14.810581       13.291587        1.686399         1.686399    -0.099108992                   13.291587             -13.390696
              1       1.9266817       64.590583     0.022426886       3.1222431     0.097224571      0.79915743    -0.063626407       1.0201473      0.64716284      0.28834427     -0.89933525      0.71156791       14.622978       13.871261        1.686399         1.686399      0.48056542                   13.871261             -13.390696
              5        3.668731       64.590583     0.022542726       3.2460734     0.097224571      0.79915743    -0.063626407       1.0153043      0.64060403      0.28862194     -0.89940204      0.71128858       14.619234       15.866018        1.686399         1.686399        3.964664                   15.866018             -11.901354
              3       3.5362877       64.254265     0.022542726       3.2460734     0.092341735      0.37517896    -0.097535336       1.0151282      0.57510467       0.2798244     -0.98023373      0.72008517       15.008769       15.601131        1.686399         1.686399       3.6997774                   15.601131             -11.901354
              6       3.5213864       64.254265     0.022521893       3.2301978     0.092341735      0.37517896    -0.097535336       1.0157746      0.57587337      0.27977394      -0.9802302      0.72013584       15.009518       15.804497        1.686399         1.686399        3.669975                   15.804497             -12.134522
              1       3.1468492       64.205136     0.022521893       3.2301978     0.092394792      0.38832423    -0.093186647       1.0139318      0.58300429      0.28033097     -0.97840509      0.71957868       15.001923       15.055423        1.686399         1.686399       2.9209004                   15.055423             -12.134522
              2       3.9786329       64.205136     0.022252443       3.2958708     0.092394792      0.38832423    -0.093186647       1.0119431      0.58159803      0.27967733     -0.97835827      0.72023143       15.011328       15.277797        1.686399         1.686399       4.5844678                   15.277797             -10.693329
              6       3.3064869       64.205136     0.022208163        3.114197     0.092394792      0.38832423    -0.093186647       1.0189802      0.58962205      0.27956991     -0.97835043      0.72034131       15.013084       16.724306        1.686399         1.686399       3.2401758                   16.724306              -13.48413
              1       2.9895766        64.16761     0.022208163        3.114197     0.094050569      0.40888227    -0.093611509       1.0217208      0.59590114      0.28391833     -0.97605582      0.71599279       14.955618       16.090486        1.686399         1.686399       2.6063553                   16.090486              -13.48413
              2       3.3570766        64.16761     0.022082925       3.2472482     0.094050569      0.40888227    -0.093611509       1.0168559       0.5907443      0.28361417     -0.97603234      0.71629514       14.959817        14.57806        1.686399         1.686399       3.3413552                    14.57806             -11.236705
              1       4.3183731        64.16761     0.021891603       3.0671606     0.094050569      0.40888227    -0.093611509       1.0241558      0.59965711      0.28314951     -0.97599614      0.71676225       14.966647        18.77951        1.686399         1.686399       5.2639483                    18.77951             -13.515561
              2       4.8387975       63.796962     0.021891603       3.0671606     0.089746609      0.39871061    -0.070647704       1.0075821      0.61353993      0.27587445     -0.97570893      0.72403628       15.124286       19.820359        1.686399         1.686399       6.3047972                   19.820359             -13.515561
              1       3.8874552       63.850183     0.021891603       3.0671606     0.088971159      0.40946432    -0.075400572       1.0082677      0.60358378      0.27351267     -0.97431748      0.72639821       15.151256       17.917674        1.686399         1.686399       4.4021124                   17.917674             -13.515561
              1       2.5704068       63.850183     0.022104419       2.8657122     0.088971159      0.40946432    -0.075400572        1.015654      0.61174685      0.27403468     -0.97435504      0.72587898       15.143694       16.075425        1.686399         1.686399       1.7680158                   16.075425              -14.30741
              1       1.9414165        63.39332     0.022104419       2.8657122     0.092221676      0.61032516      -0.0659758       1.0177463      0.63656679      0.28608723     -0.94202524      0.71382522       15.007695       14.817445        1.686399         1.686399      0.51003512                   14.817445              -14.30741
              1        3.357047        63.39332     0.022200344       2.9670507     0.092221676      0.61032516      -0.0659758       1.0136448       0.6310814      0.28632593     -0.94205947      0.71358511       15.004265       17.674903        1.686399         1.686399        3.341296                   17.674903             -14.333607
              2       2.5590648        63.39332      0.02241632       2.8331927     0.092221676      0.61032516      -0.0659758       1.0183332      0.63639821      0.28686335     -0.94213561      0.71304955       14.996927       14.982496        1.686399         1.686399       1.7453317                   14.982496             -13.237164
              2       4.7749119       62.553313      0.02241632       2.8331927     0.088975238      0.41683079    -0.075350476       1.0121292      0.60955192       0.2863227     -0.97426468      0.71358781       15.273329        19.41419        1.686399         1.686399        6.177026                    19.41419             -13.237164
              6       2.4420613       63.104992      0.02241632       2.8331927     0.092564244      0.29764458       -0.078958       1.0198859      0.62306196      0.29035091     -0.98815842      0.70956116       15.110009       14.748489        1.686399         1.686399       1.5113248                   14.748489             -13.237164
              2       2.3952494       63.104992     0.022386768       2.8418804     0.092564244      0.29764458       -0.078958       1.0196056      0.62280885       0.2902767     -0.98815514      0.70963525        15.11106        14.84795        1.686399         1.686399        1.417701                    14.84795             -13.430249
              1       2.1785218         63.6801     0.022386768       2.8418804     0.092019508      0.35427522     0.074573798       1.0193388      0.62711449      0.28371396     -0.98176093      0.71619957       15.052287       14.414494        1.686399         1.686399      0.98424568                   14.414494             -13.430249
              2       2.1716564         63.6801       0.0222789       2.9011359     0.092019508      0.35427522     0.074573798       1.0172531      0.62485929      0.28344796     -0.98174602      0.71646475       15.056071       15.092255        1.686399         1.686399      0.97051483                   15.092255              -14.12174
              2       1.8710801         63.6801     0.022245917        2.841094     0.092019508      0.35427522     0.074573798       1.0196608      0.62794843      0.28336662     -0.98174141      0.71654692       15.057311       14.244773        1.686399         1.686399      0.36936232                   14.244773             -13.875411
              4       1.2129471       63.715808     0.022245917        2.841094     0.097161289      0.34805185      0.07563441       1.0275434      0.65021504       0.2957145     -0.98316427      0.70419913       14.877128       12.928507        1.686399         1.686399     -0.94690377                   12.928507             -13.875411
              5       1.0210648       63.715808     0.022109692         2.83658     0.097161289      0.34805185      0.07563441       1.0280112      0.65122434      0.29537895     -0.98314599      0.70453475       14.881767       12.823628        1.686399         1.686399      -1.3306682                   12.823628             -14.154296
              4       1.1608639       63.715808     0.022204371        2.867439     0.097161289      0.34805185      0.07563441       1.0266088      0.64912806      0.29561217     -0.98315871       0.7043011       14.878514       13.085665        1.686399         1.686399      -1.0510702                   13.085665             -14.136735
              5       1.1172969       63.723327     0.022204371        2.867439     0.097239816      0.34491232     0.076193254        1.026938      0.64869701       0.2957358     -0.98353183      0.70417749       14.876434       12.998531        1.686399         1.686399      -1.1382041                   12.998531             -14.136735
              2       1.7510195       63.670661     0.022204371        2.867439     0.096637172      0.33075159     0.071858958       1.0242182      0.65220554      0.29473869     -0.98476035      0.70517446       14.898449       14.265976        1.686399         1.686399      0.12924103                   14.265976             -14.136735
