#        weight    minuslogpost              H0         omega_b            Neff       omega_cdm      lambda_qtm       delta_qtm     theta_s_100          sigma8         Omega_m           w_qtm       Omega_qtm             age       chi2__BAO   minuslogprior minuslogprior__0            chi2 chi2__bao.desi_2024_bao_all chi2__gaussian_mixture
              4        3.174377        65.29867     0.022131953       2.9233037      0.11437514      0.59542817     0.070076293       1.0514862      0.72981908      0.32165558     -0.94981303      0.67826116       14.127451       17.386998        1.686399         1.686399       2.9759561                   17.386998             -14.411042
              5       2.0919646        65.29867     0.022236575       3.0601143      0.11437514      0.59542817     0.070076293       1.0461238      0.72163307      0.32190094     -0.94984515      0.67801399       14.124407       14.759549        1.686399         1.686399      0.81113133                   14.759549             -13.948417
              2       2.1089125       65.298028     0.022236575       3.0601143      0.11437968      0.59560925     0.070297539        1.046215      0.72131052      0.32191792     -0.94982649      0.67799701       14.124595       14.793444        1.686399         1.686399      0.84502705                   14.793444             -13.948417
              8       2.6449662       65.298028     0.021975011       3.0056646      0.11437968      0.59560925     0.070297539       1.0488735      0.72583048      0.32130447     -0.94974663      0.67861118       14.131977       16.099881        1.686399         1.686399       1.9171346                   16.099881             -14.182747
              9       2.4612609       65.298028     0.022364935        3.161106      0.11437968      0.59560925     0.070297539       1.0421905      0.71513035      0.32221896     -0.94986579      0.67769464       14.120917       14.578382        1.686399         1.686399       1.5497239                   14.578382             -13.028658
              1       2.0108449       64.593963     0.022364935        3.161106        0.110689       0.9718556    -0.065580052       1.0389905       0.6985883        0.320436      -0.8602786      0.67947566       14.155721        13.67755        1.686399         1.686399      0.64889183                    13.67755             -13.028658
              1       1.6355122       64.300328     0.022364935        3.161106      0.10616991       1.0008507    -0.064295691       1.0328736      0.67977043      0.31243903     -0.84857294      0.68747169       14.295284       12.926885        1.686399         1.686399     -0.10177353                   12.926885             -13.028658
              4       1.6744647       64.184002     0.022364935        3.161106      0.10668727      0.98606002    -0.064731239       1.0329128      0.68162641      0.31482831      -0.8540322      0.68508196       14.301888        13.00479        1.686399         1.686399    -0.023868543                    13.00479             -13.028658
              2       1.6180329       64.184002     0.022472234       3.1441613      0.10668727      0.98606002    -0.064731239       1.0332756       0.6818931      0.31508877     -0.85412259      0.68482173        14.29892       13.023685        1.686399         1.686399     -0.13673209                   13.023685             -13.160417
              3       2.4937802       64.184002      0.02229062       3.2436948      0.10668727      0.98606002    -0.064731239       1.0300716      0.67787711      0.31464791     -0.85397002      0.68526123       14.303884       13.389807        1.686399         1.686399       1.6147625                   13.389807             -11.775044
              1       2.2121577       64.184002     0.022145237        2.978422      0.10668727      0.98606002    -0.064731239       1.0402438      0.69232812      0.31429501     -0.85384567      0.68561775       14.308157       15.403081        1.686399         1.686399       1.0515176                   15.403081             -14.351563
              7       1.3009287       63.886676     0.022145237        2.978422      0.10666134       1.0011106    -0.049834971       1.0347433      0.70928484      0.31716383     -0.84974507      0.68274823       14.318309       13.580622        1.686399         1.686399     -0.77094055                   13.580622             -14.351563
              2       1.7576208       63.886676      0.02177102        2.818796      0.10666134       1.0011106    -0.049834971        1.041679        0.720358      0.31624696     -0.84941987      0.68366729       14.328889       14.461585        1.686399         1.686399      0.14244372                   14.461585             -14.319141
              4       1.8289104       63.817491      0.02177102        2.818796      0.10706073      0.99052183    -0.052412417       1.0424069      0.71946719      0.31791361     -0.85334433      0.68200037       14.333185       14.604164        1.686399         1.686399      0.28502289                   14.604164             -14.319141
              4        1.652117       63.817491     0.021888402       3.0326836      0.10706073      0.99052183    -0.052412417       1.0341045      0.70697721      0.31820183     -0.85344527      0.68170921       14.329721       13.781381        1.686399         1.686399       -0.068564                   13.781381             -13.849945
              4       1.7434941       63.817491     0.021871525       3.0419458      0.10706073      0.99052183    -0.052412417        1.033805      0.70657675      0.31816039     -0.85343101      0.68175052       14.330185       13.843789        1.686399         1.686399      0.11419029                   13.843789             -13.729599
              3       1.6469967        63.81992     0.021871525       3.0419458      0.10718544      0.98563283    -0.054476786       1.0344661      0.70491788      0.31844231     -0.85508106      0.68146855       14.330904       13.650795        1.686399         1.686399    -0.078804594                   13.650795             -13.729599
             10       2.8943901       64.288403     0.021871525       3.0419458       0.1076398      0.96339175    -0.033051028       1.0310551      0.72855592      0.31491772     -0.86010363      0.68499472       14.260182       16.145582        1.686399         1.686399       2.4159823                   16.145582             -13.729599
              2       2.4503212       64.288403     0.021689659       3.0238781       0.1076398      0.96339175    -0.033051028       1.0321826      0.73065856      0.31447769     -0.85996055      0.68543499       14.265267       14.945633        1.686399         1.686399       1.5278446                   14.945633             -13.417788
              1       2.2479681        64.82208     0.021689659       3.0238781     0.099052606      0.93081158   -0.0084272462       1.0207187      0.70259475      0.28888441      -0.8613478       0.7110297       14.461646       14.540926        1.686399         1.686399       1.1231383                   14.540926             -13.417788
              1       2.1599555        64.82208     0.022019553       2.7242417     0.099052606      0.93081158   -0.0084272462       1.0310777      0.71728832      0.28966952     -0.86159427       0.7102486       14.452072       14.294188        1.686399         1.686399      0.94711317                   14.294188             -13.347075
              1       1.5588045        64.56798     0.022019553       2.7242417      0.10065587      0.88363893    -0.027744098       1.0331022      0.71855131      0.29579959     -0.87747548      0.70411789       14.462859       13.091886        1.686399         1.686399       -0.255189                   13.091886             -13.347075
              3       1.4192218       64.670797     0.022019553       2.7242417       0.1015568      0.84006608   -0.0071896542       1.0317264      0.73210102      0.29701394     -0.88963498      0.70290381       14.438264        12.81272        1.686399         1.686399     -0.53435431                    12.81272             -13.347075
              1       1.9265243       64.520033     0.022019553       2.7242417     0.097503008      0.80576145  -6.0113769e-05       1.0256062      0.71288358      0.28866556     -0.89666593       0.7112518       14.593835       13.827325        1.686399         1.686399      0.48025064                   13.827325             -13.347075
              1        1.701126       64.498576     0.022019553       2.7242417     0.099144257      0.82604593   -0.0063636862       1.0279881      0.72022747      0.29280291     -0.89232677       0.7071144       14.536432       13.376529        1.686399         1.686399     0.029454177                   13.376529             -13.347075
              6       1.7092788       64.498576     0.022023616       2.7258371     0.099144257      0.82604593   -0.0063636862       1.0279172       0.7201099      0.29281267     -0.89232917      0.70710461       14.536305       13.401788        1.686399         1.686399     0.045759619                   13.401788             -13.356028
              4       1.5667613       64.673457     0.022023616       2.7258371     0.099441277      0.82365497   -0.0068912959       1.0288612      0.72188258      0.29194137     -0.89275252      0.70797636       14.509319       13.116753        1.686399         1.686399     -0.23927526                   13.116753             -13.356028
              4       1.9091795       64.673457     0.022190925       2.7372118     0.099441277      0.82365497   -0.0068912959       1.0280037      0.72017611      0.29234138      -0.8928501       0.7075762       14.504186       13.443956        1.686399         1.686399      0.44556101                   13.443956             -12.998395
              1       1.2809141       64.673457     0.021836838        2.759499     0.099441277      0.82365497   -0.0068912959       1.0280622      0.72111511      0.29149482      -0.8926437      0.70842246       14.515016       13.174353        1.686399         1.686399     -0.81096964                   13.174353             -13.985322
              1       1.2823732       64.673457     0.021836602       2.7557421     0.099441277      0.82365497   -0.0068912959       1.0282048      0.72133302      0.29149425     -0.89264354      0.70842308       14.515027       13.148377        1.686399         1.686399     -0.80805145                   13.148377             -13.956428
              3       1.0994685       64.468307     0.021836602       2.7557421      0.10175415      0.85497817     -0.03389238       1.0338665      0.71964559      0.29891731      -0.8863874      0.70099949       14.463313       12.782567        1.686399         1.686399       -1.173861                   12.782567             -13.956428
              1        2.110175        63.88672     0.021836602       2.7557421     0.093308276      0.98809244    0.0089235081       1.0212548      0.68405278       0.2836914     -0.84138362      0.71622387       14.705995       14.803981        1.686399         1.686399      0.84755218                   14.803981             -13.956428
              2       2.2682134        63.88672     0.021824306        2.890067     0.093308276      0.98809244    0.0089235081       1.0161945      0.67690506      0.28366127     -0.84137362      0.71625215       14.706251       15.603185        1.686399         1.686399        1.163629                   15.603185             -14.439556
              7       2.4491123       62.483146     0.021824306        2.890067      0.10075644       1.0088443    -0.050936562        1.027275      0.68521336       0.3156258     -0.84680918      0.68428359        14.65466       15.964983        1.686399         1.686399       1.5254266                   15.964983             -14.439556
              2       2.5708369       61.826256     0.021824306        2.890067     0.093606678       1.0413895    -0.082061094       1.0269295      0.61063087      0.30366398     -0.83266799       0.6962436       14.973681       16.208432        1.686399         1.686399       1.7688758                   16.208432             -14.439556
              1        3.297434       61.826256     0.021684235       3.2106165     0.093606678       1.0413895    -0.082061094       1.0148688      0.59682292      0.30329754     -0.83252317      0.69660533       14.977782       13.554865        1.686399         1.686399         3.22207                   13.554865             -10.332795
              1       3.2861835       61.826256     0.021311546       3.0477616     0.093606678       1.0413895    -0.082061094       1.0218807      0.60603824      0.30232255     -0.83212955      0.69758271       14.989751       14.515596        1.686399         1.686399       3.1995691                   14.515596             -11.316027
              3       2.9871609       62.027068     0.021311546       3.0477616     0.090691786      0.97745889    -0.074195857       1.0142729      0.60543825      0.29279181      -0.8492807      0.70711404       15.087035        13.91755        1.686399         1.686399       2.6015238                    13.91755             -11.316027
              9       1.9379594       62.027068     0.021526167        2.929722     0.090691786      0.97745889    -0.074195857       1.0183843      0.60974865      0.29334965     -0.84947954      0.70655792       15.080058       14.185393        1.686399         1.686399      0.50312094                   14.185393             -13.682272
              1       1.5781215       62.027068     0.021727274       2.8998059     0.090691786      0.97745889    -0.074195857       1.0191203      0.61006625      0.29387237     -0.84966623      0.70603564       15.073447       14.092869        1.686399         1.686399     -0.21655491                   14.092869             -14.309424
              2       1.5810231       61.686167     0.021727274       2.8998059      0.10153797      0.90190095    -0.085124439       1.0353624      0.64365727      0.32563316     -0.88273599      0.67427384       14.822572       14.098672        1.686399         1.686399     -0.21075179                   14.098672             -14.309424
              7       2.3395369       61.686167     0.021917889       3.0361954      0.10153797      0.90190095    -0.085124439       1.0296841      0.63601183      0.32613409     -0.88288271      0.67377089       14.816539       15.180619        1.686399         1.686399       1.3062759                   15.180619             -13.874343
              1       1.9769942       61.686167     0.021896506       2.8027089      0.10153797      0.90190095    -0.085124439       1.0387904      0.64756027       0.3260779     -0.88286512      0.67383053       14.817423       14.808425        1.686399         1.686399      0.58119044                   14.808425             -14.227234
              3       2.4056337       61.686167     0.022239684       2.7712807      0.10153797      0.90190095    -0.085124439       1.0392653      0.64725175      0.32697977     -0.88312756      0.67292912       14.806847       14.683767        1.686399         1.686399       1.4384695                   14.683767             -13.245297
              5       2.5472741       61.686167     0.022466873        2.797667      0.10153797      0.90190095    -0.085124439       1.0377188      0.64468577      0.32757682     -0.88330134      0.67233168       14.799816       14.347815        1.686399         1.686399       1.7217502                   14.347815             -12.626065
              1       2.4959865       61.680278     0.022466873        2.797667     0.091273327       1.2081761    -0.058863157       1.0216727      0.62538078      0.30065879     -0.76906807      0.69924969       14.895994        14.24524        1.686399         1.686399       1.6191751                    14.24524             -12.626065
              3       2.0368366       61.667129     0.022466873        2.797667     0.093261307       1.1802214    -0.058535832        1.023182      0.63643527      0.30601466     -0.78291252      0.69389379       14.859462        13.32694        1.686399         1.686399      0.70087524                    13.32694             -12.626065
              4       1.6418096       61.667129     0.022313435       2.8128432     0.093261307       1.1802214    -0.058535832       1.0229612      0.63652204      0.30561117     -0.78270604      0.69429705       14.864036       13.338206        1.686399         1.686399    -0.089178636                   13.338206             -13.427385
              4       1.4048837       61.667129     0.022219438       2.8932987     0.093261307       1.1802214    -0.058535832       1.0200825      0.63307523        0.305364     -0.78258019      0.69454304       14.866772       13.654862        1.686399         1.686399     -0.56303047                   13.654862             -14.217892
             11       3.7734104       61.757577     0.022219438       2.8932987     0.091902938        1.148113    -0.079757133       1.0251423       0.6008818      0.30090867     -0.79319438      0.69899864       14.947266       18.391915        1.686399         1.686399       4.1740229                   18.391915             -14.217892
              5       1.7971352       61.146243     0.022219438       2.8932987     0.095991908        1.110418     -0.08676138       1.0300015      0.60938728      0.31789207     -0.81517931       0.6820134       14.936424       14.439365        1.686399         1.686399      0.22147243                   14.439365             -14.217892
              3       1.1381149       60.841766     0.022219438       2.8932987     0.093203815      0.76920861    -0.097707255       1.0236052      0.58581273      0.31354986     -0.91410741      0.68635465       15.255864       13.121324        1.686399         1.686399      -1.0965682                   13.121324             -14.217892
              7       1.0523395       60.841766     0.022178303        2.858632     0.093203815      0.76920861    -0.097707255       1.0250678      0.58757121      0.31343874     -0.91408242       0.6864663       15.257324       12.877415        1.686399         1.686399      -1.2681189                   12.877415             -14.145534
              1       1.4701982       60.841766     0.021981938       2.9878548     0.093203815      0.76920861    -0.097707255       1.0203211      0.58286194      0.31290827     -0.91396419      0.68699481       15.263984       13.856086        1.686399         1.686399      -0.4324016                   13.856086             -14.288487
              4        1.156885       60.841766     0.021862466       2.8063073     0.093203815      0.76920861    -0.097707255       1.0277826      0.59157627      0.31258552     -0.91389121      0.68732031       15.268324       13.206352        1.686399         1.686399       -1.059028                   13.206352              -14.26538
              5       1.6676634       61.583619     0.021862466       2.8063073     0.087329694      0.79016182    -0.078764465       1.0141433       0.5948672      0.28961129     -0.90250385      0.71029679       15.344889       14.227909        1.686399         1.686399    -0.037471154                   14.227909              -14.26538
              4       1.6275581       61.585465     0.021862466       2.8063073     0.087384172      0.79431651    -0.078946951       1.0143673      0.59480143      0.28973756     -0.90147381      0.71017052       15.341053       14.147698        1.686399         1.686399     -0.11768164                   14.147698              -14.26538
              5       2.0625056       61.585465      0.02157677       2.7029547     0.087384172      0.79431651    -0.078946951       1.0190829      0.60120004       0.2889843     -0.90129277      0.71092532       15.351463       14.336216        1.686399         1.686399      0.75221338                   14.336216             -13.584003
              2       2.0272601       61.631841      0.02157677       2.7029547     0.087046153      0.78951174    -0.076965627       1.0179296      0.60246523      0.28765968     -0.90213661      0.71225008       15.357283       14.265725        1.686399         1.686399      0.68172232                   14.265725             -13.584003
              2       2.6544954       61.755919      0.02157677       2.7029547     0.087849838      0.84702849    -0.057427013       1.0142042      0.62948356      0.28861223     -0.88638958      0.71129788       15.259537       15.520196        1.686399         1.686399       1.9361928                   15.520196             -13.584003
              5       3.1310779       61.755919     0.021764433        2.718285     0.087849838      0.84702849    -0.057427013       1.0131897      0.62763936      0.28910429     -0.88652076      0.71080559       15.252887       16.578582        1.686399         1.686399       2.8893578                   16.578582             -13.689225
              2       2.1345708       61.732497     0.021764433        2.718285     0.092698058      0.83143102      -0.0834799        1.028772      0.61731889       0.3020457     -0.89506092      0.69786411       15.131456       14.585568        1.686399         1.686399      0.89634366                   14.585568             -13.689225
              5       1.6167306       61.612366     0.021764433        2.718285     0.093094731      0.82024561    -0.082981038       1.0285207      0.61992758      0.30426964     -0.89851881      0.69563982       15.136383       13.549888        1.686399         1.686399     -0.13933676                   13.549888             -13.689225
              1       1.9859879       61.612366     0.021385907       2.7418941     0.093094731      0.82024561    -0.082981038       1.0283669      0.62087122       0.3032725     -0.89826926      0.69663662       15.149241       14.165078        1.686399         1.686399      0.59917787                   14.165078               -13.5659
              2       2.2993098       62.369773     0.021385907       2.7418941     0.092106333      0.98932932     0.032199488       1.0182784      0.66956023      0.29341057     -0.84468535      0.70650073       14.947145       14.791722        1.686399         1.686399       1.2258218                   14.791722               -13.5659
              4       2.3294084       63.326948     0.021385907       2.7418941     0.093169003      0.92093815    -0.004731403       1.0190521      0.68858486      0.28725776     -0.86383011      0.71265621       14.829073       14.851919        1.686399         1.686399       1.2860188                   14.851919               -13.5659
              1       2.1704537       63.326948     0.021286117       2.6624947     0.093169003      0.92093815    -0.004731403       1.0223519      0.69362325      0.28700892     -0.86375239      0.71290615       14.832374       13.885483        1.686399         1.686399      0.96810941                   13.885483             -12.917373
              2       2.3947236       62.548061     0.021286117       2.6624947      0.10369812       1.0719678    -0.022728145       1.0364815      0.73578651      0.32111462     -0.82794858      0.67879836       14.523087       14.334023        1.686399         1.686399       1.4166494                   14.334023             -12.917373
              3       2.3095202       63.063244     0.021286117       2.6624947      0.10618299       1.1079307    -0.024865902       1.0422285       0.7463918      0.32213763     -0.81623913      0.67777676        14.37392       14.163616        1.686399         1.686399       1.2462424                   14.163616             -12.917373
              7       2.3195774       63.063244     0.021773989       2.8097886      0.10618299       1.1079307    -0.024865902       1.0353664      0.73466177      0.32336438     -0.81676528      0.67654794       14.360376        15.55506        1.686399         1.686399       1.2663569                    15.55506             -14.288703
              1       1.8759739       63.010869     0.021773989       2.8097886      0.10587326         1.20212    0.0072220684       1.0354621      0.73633542      0.32312202     -0.78257965      0.67679012       14.312092       14.667853        1.686399         1.686399      0.37914998                   14.667853             -14.288703
              1       1.7524349        63.06112     0.021773989       2.8097886     0.095022233        1.162453     0.026677273       1.0244852      0.67715496      0.29532079     -0.78387667       0.7045915       14.641145       14.420775        1.686399         1.686399      0.13207191                   14.420775             -14.288703
              3       1.7912362        63.06112     0.021598764       2.9447675     0.095022233        1.162453     0.026677273       1.0198264      0.67105153      0.29488016     -0.78365706      0.70503022        14.64612       14.022703        1.686399         1.686399      0.20967458                   14.022703             -13.813028
              1       1.8985667       62.938091     0.021598764       2.9447675     0.094259771       1.1612613     0.026013561       1.0183041       0.6674588       0.2941093     -0.78372799      0.70580073       14.684274       14.237364        1.686399         1.686399      0.42433542                   14.237364             -13.813028
              1       1.6537822        62.66314     0.021598764       2.9447675      0.09858033       1.1724341       0.0343228       1.0239163      0.68319741      0.30769904      -0.7863149      0.69221019       14.589643       13.747795        1.686399         1.686399    -0.065233593                   13.747795             -13.813028
              3       1.4484221        62.66314     0.021439978       2.8907673      0.09858033       1.1724341       0.0343228        1.026347      0.68699434      0.30729467     -0.78611263      0.69261534       14.594216       13.137325        1.686399         1.686399     -0.47595369                   13.137325             -13.613279
              4       1.7354596       62.235785     0.021439978       2.8907673      0.10272637       1.1699002     0.051854103       1.0333816      0.69066426      0.32223353     -0.79473515      0.67767524       14.544935         13.7114        1.686399         1.686399     0.098121325                     13.7114             -13.613279
              2        2.426851       62.235785     0.021451186       2.9863893      0.10272637       1.1699002     0.051854103       1.0297581      0.68552182      0.32226247      -0.7947501      0.67764492       14.544538       14.376468        1.686399         1.686399       1.4809041                   14.376468             -12.895564
              3       2.3789078       62.015313     0.021451186       2.9863893       0.1022332       1.1716787     0.056700711       1.0297665      0.67755044       0.3232756     -0.79470972      0.67663112       14.588946       14.280582        1.686399         1.686399       1.3850177                   14.280582             -12.895564
              2       1.9714276       62.068132     0.021451186       2.9863893      0.10040836       1.2004868     0.059516698       1.0294587      0.66508117       0.3179888     -0.78131302      0.68191808       14.617524       13.465622        1.686399         1.686399      0.57005732                   13.465622             -12.895564
              7       2.0183058       62.068132     0.021420769       2.9744826      0.10040836       1.2004868     0.059516698       1.0299834      0.66585693      0.31790984     -0.78127191      0.68199721        14.61839       13.548699        1.686399         1.686399      0.66381362                   13.548699             -12.884885
              4       1.8867173        62.19161     0.021420769       2.9744826     0.099662476       1.1857192     0.052302094       1.0271063      0.67106214      0.31472025     -0.78510502      0.68518717       14.626998       13.285522        1.686399         1.686399      0.40063678                   13.285522             -12.884885
              1       2.5400851       62.380127     0.021420769       2.9744826      0.10566695       1.0959641     0.068419195       1.0378313      0.68141177      0.32825154     -0.82394862      0.67165647       14.508492       14.592258        1.686399         1.686399       1.7073723                   14.592258             -12.884885
              3       2.1674148       62.380127     0.021665081       3.0109595      0.10566695       1.0959641     0.068419195       1.0358638      0.67815478      0.32887938     -0.82421417       0.6710281       14.501607       14.432322        1.686399         1.686399      0.96203171                   14.432322              -13.47029
              1       5.1327127       63.076471     0.021665081       3.0109595      0.10994089      0.99205619     -0.04944278       1.0352072      0.72400638      0.33239997     -0.85774203       0.6675093       14.334222       20.362917        1.686399         1.686399       6.8926275                   20.362917              -13.47029
              1       3.8714036       63.076471     0.021271965       2.9470833      0.10994089      0.99205619     -0.04944278       1.0385635      0.72991474       0.3314119     -0.85740826      0.66849827         14.3452       16.806453        1.686399         1.686399       4.3700093                   16.806453             -12.436444
              4       3.6408574       63.076471     0.021321633       2.6414125      0.10994089      0.99205619     -0.04944278       1.0499909      0.74743233      0.33153674     -0.85744852      0.66837774        14.34407       16.713239        1.686399         1.686399       3.9089168                   16.713239             -12.804322
              1       4.8764257       63.551796     0.021321633       2.6414125      0.10038951       1.1280095    -0.023866196       1.0388694      0.71972914      0.30294729     -0.80053981       0.6969687       14.464308       19.184375        1.686399         1.686399       6.3800535                   19.184375             -12.804322
              4        1.941188       63.551796     0.021390502       2.8095659      0.10038951       1.1280095    -0.023866196       1.0322544      0.70967295      0.30311781     -0.80062011      0.69679584       14.462217       14.191401        1.686399         1.686399      0.50957807                   14.191401             -13.681823
              9       1.5132651       63.551796     0.021968378       2.7584861      0.10038951       1.1280095    -0.023866196       1.0326769      0.70906531      0.30454861     -0.80127994      0.69536575       14.445991       13.467799        1.686399         1.686399     -0.34626771                   13.467799             -13.814067
              4        2.355541       63.064257     0.021968378       2.7584861      0.10219585       1.0489889    -0.022750121       1.0308351      0.72022201      0.31381749       -0.832677      0.68609553        14.49944       15.152351        1.686399         1.686399       1.3382841                   15.152351             -13.814067
              6       1.4305823        62.89864     0.021968378       2.7584861     0.099259317      0.99112124     -0.04333598       1.0293688      0.69289679      0.30804947     -0.84949856      0.69186283       14.649759       13.302433        1.686399         1.686399     -0.51163332                   13.302433             -13.814067
              1       1.9173462       63.166175     0.021968378       2.7584861     0.095260916       1.0274876    -0.017576047       1.0220633      0.68870427      0.29542462      -0.8326846      0.70448862       14.704149       14.275961        1.686399         1.686399      0.46189445                   14.275961             -13.814067
              1       2.3185557       62.412024     0.021968378       2.7584861     0.098752695       1.3543185   -0.0004035568       1.0315073      0.69677804      0.31157149     -0.71280826      0.68833971       14.451019        15.07838        1.686399         1.686399       1.2643136                    15.07838             -13.814067
              2       2.1220241       62.412024     0.021705812       3.0191889     0.098752695       1.3543185   -0.0004035568       1.0224734      0.68422668      0.31089742     -0.71235513      0.68901002       14.457581         14.3885        1.686399         1.686399      0.87125029                     14.3885             -13.517249
              1       2.3032075       62.516714     0.021705812       3.0191889     0.099977459       1.4151912   -0.0035933059       1.0264738       0.6874511      0.31299074     -0.68558156      0.68691699       14.355716       14.750867        1.686399         1.686399       1.2336172                   14.750867             -13.517249
              1       2.1442693       64.060626     0.021705812       3.0191889      0.10800776        1.250495     0.025711196       1.0373443       0.7278636      0.31765404     -0.76092537      0.68225809       14.106395        14.43299        1.686399         1.686399      0.91574069                    14.43299             -13.517249
              1       2.1658068       64.060626     0.021737482       2.9865889      0.10800776        1.250495     0.025711196       1.0384525      0.72950549      0.31773121     -0.76096834      0.68218136       14.105629       14.853425        1.686399         1.686399      0.95881576                   14.853425              -13.89461
              2        2.649662       63.854162     0.021737482       2.9865889      0.11107298       1.2430225     0.039991561       1.0431572      0.73323659      0.32730686     -0.76941517      0.67260514       14.067129       15.821136        1.686399         1.686399       1.9265262                   15.821136              -13.89461
              4       2.4678325       63.854162     0.021865267       3.1107283      0.11107298       1.2430225     0.039991561       1.0382819      0.72559565      0.32762026     -0.76958734      0.67229003       14.063874       14.465292        1.686399         1.686399       1.5628672                   14.465292             -12.902425
