#        weight    minuslogpost              H0         omega_b            Neff       omega_cdm      lambda_qtm       delta_qtm              Mb     theta_s_100          sigma8         Omega_m           w_qtm       Omega_qtm             age       chi2__BAO        chi2__SN   minuslogprior minuslogprior__0            chi2 chi2__bao.desi_2024_bao_all chi2__gaussian_mixture chi2__sn.pantheonplusshoes
              1       1790.4512       67.810707     0.021884817        2.985532      0.11562944      0.61196016     0.045303518      -19.249034       1.0512819      0.77090032      0.30045594     -0.94302391      0.69946609       13.826682        22.35876       3567.9768       2.3795461        2.3795461       3576.1433                    22.35876             -14.192241                  3567.9768
              1       1564.7765       67.810707     0.021720011       3.2673463      0.11562944      0.61196016     0.045303518      -19.268575       1.0415241      0.75560303      0.30009753     -0.94297613      0.69982106       13.830898       14.230152       3119.7455       2.3795461        2.3795461       3124.7939                   14.230152             -9.1816777                  3119.7455
              3       1258.6846       67.810707     0.021720011       3.2673463      0.11562944      0.61196016     0.045303518      -19.300142       1.0415241      0.75560303      0.30009753     -0.94297613      0.69982106       13.830898       14.230152       2507.5616       2.3795461        2.3795461       2512.6101                   14.230152             -9.1816777                  2507.5616
              1       1029.2664       67.810707     0.021720011       3.2673463      0.11562944      0.61196016     0.045303518      -19.330911       1.0415241      0.75560303      0.30009753     -0.94297613      0.69982106       13.830898       14.230152       2048.7253       2.3795461        2.3795461       2053.7737                   14.230152             -9.1816777                  2048.7253
              1       766.23287       69.225459     0.021720011       3.2673463      0.13870353        1.008789     0.060196142      -19.357525       1.0793433      0.82334702      0.33610626     -0.85437705      0.66381551       13.027893       61.704509       1475.1838       2.3795461        2.3795461       1527.7066                   61.704509             -9.1816777                  1475.1838
              1       761.90121       69.225459     0.022142767       3.2777078      0.13870353        1.008789     0.060196142      -19.357525        1.077795      0.82021439      0.33698844      -0.8546851       0.6629332       13.019158       54.347523       1475.4822       2.3795461        2.3795461       1519.0433                   54.347523              -10.78639                  1475.4822
              2        761.1998       69.225459     0.022142188        3.301321      0.13870353        1.008789     0.060196142      -19.357525        1.076968      0.81879307      0.33698723      -0.8546848      0.66293414       13.019156       52.423807       1475.4819       2.3795461        2.3795461       1517.6405                   52.423807             -10.265252                  1475.4819
              2       761.27396       69.225459     0.022142188        3.301321      0.13870353        1.008789     0.060196142      -19.346543        1.076968      0.81879307      0.33698723      -0.8546848      0.66293414       13.019156       52.423807       1475.6303       2.3795461        2.3795461       1517.7888                   52.423807             -10.265252                  1475.6303
              1       760.43227       69.225459     0.022142188        3.301321      0.13870353        1.008789     0.060196142      -19.354916        1.076968      0.81879307      0.33698723      -0.8546848      0.66293414       13.019156       52.423807       1473.9469       2.3795461        2.3795461       1516.1055                   52.423807             -10.265252                  1473.9469
              2       760.45172       69.225459     0.022142188        3.301321      0.13870353        1.008789     0.060196142      -19.355012        1.076968      0.81879307      0.33698723      -0.8546848      0.66293414       13.019156       52.423807       1473.9858       2.3795461        2.3795461       1516.1444                   52.423807             -10.265252                  1473.9858
              2       753.03732       68.992232     0.022142188        3.301321      0.14072616       1.1650197     0.014208736      -19.355012       1.0699386      0.86510814      0.34351883     -0.80587366      0.65640209       12.900588       28.769102       1482.8117       2.3795461        2.3795461       1501.3156                   28.769102             -10.265252                  1482.8117
              2       752.37962       68.992232     0.022142188        3.301321      0.14072616       1.1650197     0.014208736      -19.350268       1.0699386      0.86510814      0.34351883     -0.80587366      0.65640209       12.900588       28.769102       1481.4963       2.3795461        2.3795461       1500.0001                   28.769102             -10.265252                  1481.4963
              5       750.78774       68.992232     0.022404248       3.5019926      0.14072616       1.1650197     0.014208736      -19.350268       1.0624276      0.85096191      0.34406939     -0.80612657      0.65584917       12.895378       20.836538        1481.623       2.3795461        2.3795461       1496.8164                   20.836538             -5.6431361                   1481.623
              3       750.95087       68.992232     0.022404248       3.5019926      0.14072616       1.1650197     0.014208736      -19.348449       1.0624276      0.85096191      0.34406939     -0.80612657      0.65584917       12.895378       20.836538       1481.9492       2.3795461        2.3795461       1497.1426                   20.836538             -5.6431361                  1481.9492
              2       749.50067       68.992232     0.023046509       3.4243753      0.14072616       1.1650197     0.014208736      -19.348449       1.0630996      0.85189843      0.34541869     -0.80674123      0.65450078       12.882968       20.336841       1482.2001       2.3795461        2.3795461       1494.2422                   20.336841             -8.2946949                  1482.2001
              2       749.53437       68.992232     0.023046509       3.4243753      0.14072616       1.1650197     0.014208736      -19.348216       1.0630996      0.85189843      0.34541869     -0.80674123      0.65450078       12.882968       20.336841       1482.2675       2.3795461        2.3795461       1494.3096                   20.336841             -8.2946949                  1482.2675
              1       749.53503       68.992232     0.023200755       3.4121891      0.14072616       1.1650197     0.014208736      -19.348216       1.0630464      0.85173016      0.34574274     -0.80688867      0.65417687       12.879991       20.147221       1482.3279       2.3795461        2.3795461        1494.311                   20.147221             -8.1641757                  1482.3279
              1       749.38127       68.992232     0.023200755       3.4121891      0.14072616       1.1650197     0.014208736      -19.350202       1.0630464      0.85173016      0.34574274     -0.80688867      0.65417687       12.879991       20.147221       1482.0204       2.3795461        2.3795461       1494.0035                   20.147221             -8.1641757                  1482.0204
              1       749.38255       68.992232     0.023200755       3.4121891      0.14072616       1.1650197     0.014208736      -19.350079       1.0630464      0.85173016      0.34574274     -0.80688867      0.65417687       12.879991       20.147221        1482.023       2.3795461        2.3795461        1494.006                   20.147221             -8.1641757                   1482.023
              1        750.3982       68.992232     0.023200755       3.4121891      0.14072616       1.1650197     0.014208736      -19.344966       1.0630464      0.85173016      0.34574274     -0.80688867      0.65417687       12.879991       20.147221       1484.0543       2.3795461        2.3795461       1496.0373                   20.147221             -8.1641757                  1484.0543
              1       750.66687       68.992232     0.023200755       3.4121891      0.14072616       1.1650197     0.014208736      -19.344305       1.0630464      0.85173016      0.34574274     -0.80688867      0.65417687       12.879991       20.147221       1484.5916       2.3795461        2.3795461       1496.5746                   20.147221             -8.1641757                  1484.5916
              2       749.38102       68.992232     0.023200755       3.4121891      0.14072616       1.1650197     0.014208736      -19.350294       1.0630464      0.85173016      0.34574274     -0.80688867      0.65417687       12.879991       20.147221       1482.0199       2.3795461        2.3795461        1494.003                   20.147221             -8.1641757                  1482.0199
              1       749.40101       68.992232     0.023200755       3.4121891      0.14072616       1.1650197     0.014208736      -19.351032       1.0630464      0.85173016      0.34574274     -0.80688867      0.65417687       12.879991       20.147221       1482.0599       2.3795461        2.3795461       1494.0429                   20.147221             -8.1641757                  1482.0599
              6       750.29497       68.992232     0.023636063       3.4550566      0.14072616       1.1650197     0.014208736      -19.351032       1.0603264      0.84651756      0.34665727     -0.80730481      0.65326184       12.871557       19.135185       1482.3063       2.3795461        2.3795461       1495.8308                   19.135185             -5.6106573                  1482.3063
              6       750.67401       68.992232     0.023372147       3.2221354      0.14072616       1.1650197     0.014208736      -19.351032       1.0689355      0.86265433      0.34610282     -0.80705113      0.65381904       12.876787       23.854911       1482.1549       2.3795461        2.3795461       1496.5889                   23.854911             -9.4208725                  1482.1549
              1       750.76593       68.992232     0.023145213       3.2099729      0.14072616       1.1650197     0.014208736      -19.351032       1.0700337      0.86482134      0.34562606     -0.80683412      0.65429594       12.881182       25.489348       1482.0278       2.3795461        2.3795461       1496.7728                   25.489348             -10.744392                  1482.0278
              1       750.81651       68.992232     0.023145213       3.2099729      0.14072616       1.1650197     0.014208736      -19.351698       1.0700337      0.86482134      0.34562606     -0.80683412      0.65429594       12.881182       25.489348        1482.129       2.3795461        2.3795461       1496.8739                   25.489348             -10.744392                   1482.129
              1       750.88854       68.992232     0.023145213       3.2099729      0.14072616       1.1650197     0.014208736      -19.352292       1.0700337      0.86482134      0.34562606     -0.80683412      0.65429594       12.881182       25.489348        1482.273       2.3795461        2.3795461        1497.018                   25.489348             -10.744392                   1482.273
              5       750.83153       68.992232     0.023145213       3.2099729      0.14072616       1.1650197     0.014208736      -19.348777       1.0700337      0.86482134      0.34562606     -0.80683412      0.65429594       12.881182       25.489348        1482.159       2.3795461        2.3795461        1496.904                   25.489348             -10.744392                   1482.159
              1       749.79909       68.992232     0.023460337       3.3530272      0.14072616       1.1650197     0.014208736      -19.348777       1.0642496      0.85384957      0.34628809     -0.80713631      0.65363222       12.875008       20.468779       1482.2954       2.3795461        2.3795461       1494.8391                   20.468779             -7.9251294                  1482.2954
              2       749.73825       68.992232     0.023450281       3.3751804      0.14072616       1.1650197     0.014208736      -19.348777        1.063538      0.85253207      0.34626697     -0.80712686      0.65365308       12.875189       20.142976       1482.2911       2.3795461        2.3795461       1494.7174                   20.142976             -7.7167081                  1482.2911
              2       750.76837       68.992232     0.023450281       3.3751804      0.14072616       1.1650197     0.014208736       -19.34465        1.063538      0.85253207      0.34626697     -0.80712686      0.65365308       12.875189       20.142976       1484.3514       2.3795461        2.3795461       1496.7777                   20.142976             -7.7167081                  1484.3514
              1       749.79535       68.992232     0.023450281       3.3751804      0.14072616       1.1650197     0.014208736      -19.348295        1.063538      0.85253207      0.34626697     -0.80712686      0.65365308       12.875189       20.142976       1482.4053       2.3795461        2.3795461       1494.8316                   20.142976             -7.7167081                  1482.4053
              1        749.8668       68.992232     0.023450281       3.3751804      0.14072616       1.1650197     0.014208736      -19.347828        1.063538      0.85253207      0.34626697     -0.80712686      0.65365308       12.875189       20.142976       1482.5482       2.3795461        2.3795461       1494.9745                   20.142976             -7.7167081                  1482.5482
              1       750.12121       68.992232     0.023450281       3.3751804      0.14072616       1.1650197     0.014208736      -19.353741        1.063538      0.85253207      0.34626697     -0.80712686      0.65365308       12.875189       20.142976       1483.0571       2.3795461        2.3795461       1495.4833                   20.142976             -7.7167081                  1483.0571
              5       749.67482       68.992232     0.023450281       3.3751804      0.14072616       1.1650197     0.014208736      -19.350654        1.063538      0.85253207      0.34626697     -0.80712686      0.65365308       12.875189       20.142976       1482.1643       2.3795461        2.3795461       1494.5906                   20.142976             -7.7167081                  1482.1643
              4       750.32258       68.992232      0.02345279       3.5216746      0.14072616       1.1650197     0.014208736      -19.350654       1.0586715       0.8435587      0.34627224      -0.8071303      0.65364608       12.875057       18.919025       1482.1665       2.3795461        2.3795461       1495.8861                   18.919025             -5.1994313                  1482.1665
              1       750.20829       68.992232     0.023389743       3.5227544      0.14072616       1.1650197     0.014208736      -19.350654       1.0588225      0.84386377      0.34613978     -0.80707008      0.65377853       12.876274       18.906042       1482.1322       2.3795461        2.3795461       1495.6575                   18.906042             -5.3807377                  1482.1322
              2       752.33065       68.992232      0.02357298       3.6389092      0.14072616       1.1650197     0.014208736      -19.350654       1.0544856      0.83587932      0.34652474      -0.8072459       0.6533922       12.872669       19.590179       1482.2329       2.3795461        2.3795461       1499.9022                   19.590179             -1.9208771                  1482.2329
              1       749.55413       69.826971      0.02357298       3.6389092      0.13105056      0.95746591     0.059181727      -19.350654       1.0553057      0.76677309      0.31844517     -0.86366989      0.68147373       13.115533       22.453888       1473.8162       2.3795461        2.3795461       1494.3492                   22.453888             -1.9208771                  1473.8162
              1       745.75772       69.826971      0.02357298       3.6389092      0.13105056      0.95746591     0.059181727      -19.337036       1.0553057      0.76677309      0.31844517     -0.86366989      0.68147373       13.115533       22.453888       1466.2233       2.3795461        2.3795461       1486.7564                   22.453888             -1.9208771                  1466.2233
              1       745.44903       69.826971      0.02357298       3.6389092      0.13105056      0.95746591     0.059181727      -19.340042       1.0553057      0.76677309      0.31844517     -0.86366989      0.68147373       13.115533       22.453888        1465.606       2.3795461        2.3795461        1486.139                   22.453888             -1.9208771                   1465.606
              1        745.5934       69.826971     0.023470166       3.8011021      0.13105056      0.95746591     0.059181727      -19.340042        1.050142      0.75873898       0.3182343     -0.86360239      0.68168273       13.117643       17.543173       1465.5869       2.3795461        2.3795461       1486.4277                   17.543173              3.2976631                  1465.5869
              3       746.49855       69.826971     0.023470166       3.8011021      0.13105056      0.95746591     0.059181727      -19.334997        1.050142      0.75873898       0.3182343     -0.86360239      0.68168273       13.117643       17.543173       1467.3972       2.3795461        2.3795461        1488.238                   17.543173              3.2976631                  1467.3972
              1        747.0662       69.826971     0.023205805       3.6688845      0.13105056      0.95746591     0.059181727      -19.335559       1.0552817      0.76718967      0.31769211     -0.86342608      0.68222644       13.123432       23.894782        1467.047       2.3795461        2.3795461       1489.3733                   23.894782             -1.5684855                   1467.047
              1       747.48166       69.826971     0.023205805       3.6688845      0.13105056      0.95746591     0.059181727      -19.345845       1.0552817      0.76718967      0.31769211     -0.86342608      0.68222644       13.123432       23.894782       1467.8779       2.3795461        2.3795461       1490.2042                   23.894782             -1.5684855                  1467.8779
              1       746.36789       69.826971     0.023205805       3.6688845      0.13105056      0.95746591     0.059181727      -19.338892       1.0552817      0.76718967      0.31769211     -0.86342608      0.68222644       13.123432       23.894782       1465.6504       2.3795461        2.3795461       1487.9767                   23.894782             -1.5684855                  1465.6504
              1       743.68689        69.74605     0.023205805       3.6688845      0.12416291      0.97066739     0.041152263      -19.338892        1.043426      0.76049582      0.30427074     -0.85451854      0.69564762       13.261253       16.158451       1468.0247       2.3795461        2.3795461       1482.6147                   16.158451             -1.5684855                  1468.0247
              2       742.56636        69.74605     0.023205805       3.6688845      0.12416291      0.97066739     0.041152263      -19.342611        1.043426      0.76049582      0.30427074     -0.85451854      0.69564762       13.261253       16.158451       1465.7837       2.3795461        2.3795461       1480.3736                   16.158451             -1.5684855                  1465.7837
              5       742.80121        69.74605     0.023205805       3.6688845      0.12416291      0.97066739     0.041152263      -19.341483        1.043426      0.76049582      0.30427074     -0.85451854      0.69564762       13.261253       16.158451       1466.2534       2.3795461        2.3795461       1480.8433                   16.158451             -1.5684855                  1466.2534
              1        742.6248        69.74605       0.0232694       3.5579624      0.12416291      0.97066739     0.041152263      -19.348175       1.0469988      0.76613667      0.30440148     -0.85456215      0.69551817       13.259897       19.145445       1466.1624       2.3795461        2.3795461       1480.4905                   19.145445             -4.8172974                  1466.1624
              1       742.24318        69.74605       0.0232694       3.5579624      0.12416291      0.97066739     0.041152263       -19.34503       1.0469988      0.76613667      0.30440148     -0.85456215      0.69551817       13.259897       19.145445       1465.3991       2.3795461        2.3795461       1479.7273                   19.145445             -4.8172974                  1465.3991
              1       742.90383        69.74605       0.0232694       3.5579624      0.12416291      0.97066739     0.041152263      -19.349203       1.0469988      0.76613667      0.30440148     -0.85456215      0.69551817       13.259897       19.145445       1466.7204       2.3795461        2.3795461       1481.0486                   19.145445             -4.8172974                  1466.7204
              4       744.06505       69.470555       0.0232694       3.5579624      0.12789573       1.0214623    -0.024795047      -19.357053       1.0473035      0.79214817      0.31455506     -0.84190612       0.6853639       13.169529       14.392916       1473.7954       2.3795461        2.3795461        1483.371                   14.392916             -4.8172974                  1473.7954
              2       742.04491       69.470555       0.0232694       3.5579624      0.12789573       1.0214623    -0.024795047      -19.344973       1.0473035      0.79214817      0.31455506     -0.84190612       0.6853639       13.169529       14.392916       1469.7551       2.3795461        2.3795461       1479.3307                   14.392916             -4.8172974                  1469.7551
              1       741.63969       69.470555       0.0232694       3.5579624      0.12789573       1.0214623    -0.024795047      -19.350274       1.0473035      0.79214817      0.31455506     -0.84190612       0.6853639       13.169529       14.392916       1468.9447       2.3795461        2.3795461       1478.5203                   14.392916             -4.8172974                  1468.9447
              1        741.4745       69.470555     0.023368731       3.5179427      0.12789573       1.0214623    -0.024795047      -19.350274       1.0483662      0.79384313      0.31476088     -0.84198124      0.68515854       13.167398       14.764975       1468.9761       2.3795461        2.3795461       1478.1899                   14.764975             -5.5512119                  1468.9761
              8       741.20389       69.449835     0.023368731       3.5179427      0.12741526       1.0297091    -0.016707098      -19.350274       1.0470065       0.7956263      0.31395259     -0.83895163      0.68596681       13.172894       14.095365       1469.1045       2.3795461        2.3795461       1477.6487                   14.095365             -5.5512119                  1469.1045
              1         741.712       69.449835     0.023368731       3.5179427      0.12741526       1.0297091    -0.016707098      -19.345084       1.0470065       0.7956263      0.31395259     -0.83895163      0.68596681       13.172894       14.095365       1470.1208       2.3795461        2.3795461       1478.6649                   14.095365             -5.5512119                  1470.1208
              1       742.69771       69.449835     0.023480225       3.4505653      0.12741526       1.0297091    -0.016707098      -19.342301       1.0489581      0.79884585      0.31418375     -0.83903725      0.68573643       13.170517       14.860545       1472.2379       2.3795461        2.3795461       1480.6363                   14.860545             -6.4621584                  1472.2379
              1       741.10372       69.449835     0.023480225       3.4505653      0.12741526       1.0297091    -0.016707098      -19.348339       1.0489581      0.79884585      0.31418375     -0.83903725      0.68573643       13.170517       14.860545         1469.05       2.3795461        2.3795461       1477.4483                   14.860545             -6.4621584                    1469.05
              1       741.32853       69.454228     0.023480225       3.4505653      0.12766984       1.0317724    -0.016581563      -19.346343       1.0492289      0.79989562      0.31467177     -0.83855252      0.68524844       13.163528       14.907911       1469.4522       2.3795461        2.3795461        1477.898                   14.907911             -6.4621584                  1469.4522
              3       741.25886       69.454228     0.023480225       3.4505653      0.12766984       1.0317724    -0.016581563        -19.3505       1.0492289      0.79989562      0.31467177     -0.83855252      0.68524844       13.163528       14.907911       1469.3129       2.3795461        2.3795461       1477.7586                   14.907911             -6.4621584                  1469.3129
              5       741.59228       69.454228     0.023480225       3.4505653      0.12766984       1.0317724    -0.016581563      -19.345093       1.0492289      0.79989562      0.31467177     -0.83855252      0.68524844       13.163528       14.907911       1469.9797       2.3795461        2.3795461       1478.4255                   14.907911             -6.4621584                  1469.9797
              2       741.30871       69.454228     0.023480225       3.4505653      0.12766984       1.0317724    -0.016581563      -19.350844       1.0492289      0.79989562      0.31467177     -0.83855252      0.68524844       13.163528       14.907911       1469.4126       2.3795461        2.3795461       1477.8583                   14.907911             -6.4621584                  1469.4126
              3       741.87143       69.454228     0.023480225       3.4505653      0.12766984       1.0317724    -0.016581563      -19.353176       1.0492289      0.79989562      0.31467177     -0.83855252      0.68524844       13.163528       14.907911        1470.538       2.3795461        2.3795461       1478.9838                   14.907911             -6.4621584                   1470.538
              2       741.22891       69.454228     0.023498651       3.4825382      0.12766984       1.0317724    -0.016581563      -19.347394       1.0480989      0.79794246      0.31470996     -0.83856696      0.68520987       13.163109       14.326138       1469.1849       2.3795461        2.3795461       1477.6987                   14.326138             -5.8123012                  1469.1849
              5       742.36633       69.454228     0.023218447       3.6440131      0.12766984       1.0317724    -0.016581563      -19.347394        1.043504      0.79041424      0.31412909     -0.83835103      0.68578885       13.169077       13.207844       1469.1465       2.3795461        2.3795461       1479.9736                   13.207844             -2.3808075                  1469.1465
              3       742.30406       69.454228     0.023218447       3.6440131      0.12766984       1.0317724    -0.016581563      -19.349171        1.043504      0.79041424      0.31412909     -0.83835103      0.68578885       13.169077       13.207844        1469.022       2.3795461        2.3795461        1479.849                   13.207844             -2.3808075                   1469.022
              1       741.61014       69.454228     0.022906863       3.5296212      0.12766984       1.0317724    -0.016581563      -19.349171       1.0481955      0.79870867      0.31348318      -0.8381089       0.6864361       13.175917       15.345541       1468.9474       2.3795461        2.3795461       1478.4612                   15.345541             -5.8317697                  1468.9474
              4       741.68507       69.454228     0.022906863       3.5296212      0.12766984       1.0317724    -0.016581563      -19.347442       1.0481955      0.79870867      0.31348318      -0.8381089       0.6864361       13.175917       15.345541       1469.0973       2.3795461        2.3795461        1478.611                   15.345541             -5.8317697                  1469.0973
              3       741.41763       69.539852     0.022817157       3.5063643      0.12808593        1.018175    -0.018236426      -19.347442       1.0497868       0.8021757      0.31338656      -0.8424558      0.68653313       13.167907        16.41059       1468.0957       2.3795461        2.3795461       1478.0762                    16.41059             -6.4301334                  1468.0957
              3       741.68166       69.539852     0.022817157       3.5063643      0.12808593        1.018175    -0.018236426      -19.344185       1.0497868       0.8021757      0.31338656      -0.8424558      0.68653313       13.167907        16.41059       1468.6238       2.3795461        2.3795461       1478.6042                    16.41059             -6.4301334                  1468.6238
              9       742.00985       69.539852     0.022817157       3.5063643      0.12808593        1.018175    -0.018236426      -19.351031       1.0497868       0.8021757      0.31338656      -0.8424558      0.68653313       13.167907        16.41059       1469.2801       2.3795461        2.3795461       1479.2606                    16.41059             -6.4301334                  1469.2801
              2       741.94107       69.540144     0.022817157       3.5063643      0.12807798       1.0167633    -0.017998869      -19.351031       1.0497249      0.80229167      0.31336748     -0.84289648      0.68655221       13.168666       16.330772       1469.2224       2.3795461        2.3795461        1479.123                   16.330772             -6.4301334                  1469.2224
              1       741.36118       69.540144     0.022817157       3.5063643      0.12807798       1.0167633    -0.017998869      -19.346678       1.0497249      0.80229167      0.31336748     -0.84289648      0.68655221       13.168666       16.330772       1468.0626       2.3795461        2.3795461       1477.9633                   16.330772             -6.4301334                  1468.0626
              5       741.51238       69.540144     0.022817157       3.5063643      0.12807798       1.0167633    -0.017998869      -19.349078       1.0497249      0.80229167      0.31336748     -0.84289648      0.68655221       13.168666       16.330772        1468.365       2.3795461        2.3795461       1478.2657                   16.330772             -6.4301334                   1468.365
              4       742.71346       69.540144      0.02253243       3.4087765      0.12807798       1.0167633    -0.017998869      -19.349078       1.0538393      0.80969903      0.31277869     -0.84268214      0.68714213       13.174933       21.054412       1468.2706       2.3795461        2.3795461       1480.6678                   21.054412             -8.6571382                  1468.2706
              1       743.01492       69.540144      0.02253243       3.4087765      0.12807798       1.0167633    -0.017998869       -19.34364       1.0538393      0.80969903      0.31277869     -0.84268214      0.68714213       13.174933       21.054412       1468.8735       2.3795461        2.3795461       1481.2708                   21.054412             -8.6571382                  1468.8735
              2       742.64892       69.540144      0.02253243       3.4087765      0.12807798       1.0167633    -0.017998869      -19.348544       1.0538393      0.80969903      0.31277869     -0.84268214      0.68714213       13.174933       21.054412       1468.1415       2.3795461        2.3795461       1480.5387                   21.054412             -8.6571382                  1468.1415
              1       742.64241       69.540144     0.022547449       3.4007816      0.12807798       1.0167633    -0.017998869      -19.348544       1.0540692      0.81008232      0.31280975     -0.84269338      0.68711117       13.174611       21.258466       1468.1458       2.3795461        2.3795461       1480.5257                   21.258466             -8.8785399                  1468.1458
              2       742.57305       69.540144     0.022547449       3.4007816      0.12807798       1.0167633    -0.017998869      -19.347418       1.0540692      0.81008232      0.31280975     -0.84269338      0.68711117       13.174611       21.258466       1468.0071       2.3795461        2.3795461        1480.387                   21.258466             -8.8785399                  1468.0071
              1       742.66057       69.544599     0.022547449       3.4007816      0.12883534       1.0150567    -0.018378908      -19.344705       1.0547632      0.81310869      0.31433561     -0.84379205      0.68558531       13.158656       21.050908       1468.3897       2.3795461        2.3795461        1480.562                   21.050908             -8.8785399                  1468.3897
              2       742.61709       69.544599     0.022547449       3.4007816      0.12883534       1.0150567    -0.018378908      -19.345029       1.0547632      0.81310869      0.31433561     -0.84379205      0.68558531       13.158656       21.050908       1468.3027       2.3795461        2.3795461       1480.4751                   21.050908             -8.8785399                  1468.3027
              2       742.54201       69.544599     0.022559789       3.4042876      0.12883534       1.0150567    -0.018378908      -19.345029       1.0546085      0.81282594      0.31436113     -0.84380128      0.68555975       13.158386       20.832206       1468.3039       2.3795461        2.3795461       1480.3249                   20.832206             -8.8112071                  1468.3039
              2       742.52307       69.544599     0.022559789       3.4042876      0.12883534       1.0150567    -0.018378908      -19.348266       1.0546085      0.81282594      0.31436113     -0.84380128      0.68555975       13.158386       20.832206       1468.2661       2.3795461        2.3795461        1480.287                   20.832206             -8.8112071                  1468.2661
              2       742.27132       69.544599     0.022531532       3.5037467      0.12883534       1.0150567    -0.018378908      -19.346862       1.0513197      0.80714095       0.3143027     -0.84378075      0.68561702       13.158935       17.688281       1468.0916       2.3795461        2.3795461       1479.7835                   17.688281             -5.9963549                  1468.0916
              2       742.27081       69.544599     0.022531532       3.5037467      0.12883534       1.0150567    -0.018378908      -19.346763       1.0513197      0.80714095       0.3143027     -0.84378075      0.68561702       13.158935       17.688281       1468.0906       2.3795461        2.3795461       1479.7825                   17.688281             -5.9963549                  1468.0906
              4       742.32178       69.544599     0.022531532       3.5037467      0.12883534       1.0150567    -0.018378908      -19.347932       1.0513197      0.80714095       0.3143027     -0.84378075      0.68561702       13.158935       17.688281       1468.1925       2.3795461        2.3795461       1479.8845                   17.688281             -5.9963549                  1468.1925
              9       742.34393       69.544599     0.022531532       3.5037467      0.12883534       1.0150567    -0.018378908      -19.348168       1.0513197      0.80714095       0.3143027     -0.84378075      0.68561702       13.158935       17.688281       1468.2368       2.3795461        2.3795461       1479.9288                   17.688281             -5.9963549                  1468.2368
              1       744.34795       69.544599     0.022531532       3.5037467      0.12883534       1.0150567    -0.018378908      -19.339139       1.0513197      0.80714095       0.3143027     -0.84378075      0.68561702       13.158935       17.688281       1472.2449       2.3795461        2.3795461       1483.9368                   17.688281             -5.9963549                  1472.2449
              1       743.70152       69.544599     0.022531532       3.5037467      0.12883534       1.0150567    -0.018378908       -19.35305       1.0513197      0.80714095       0.3143027     -0.84378075      0.68561702       13.158935       17.688281        1470.952       2.3795461        2.3795461        1482.644                   17.688281             -5.9963549                   1470.952
              1       742.51368       69.544599     0.022531532       3.5037467      0.12883534       1.0150567    -0.018378908      -19.344142       1.0513197      0.80714095       0.3143027     -0.84378075      0.68561702       13.158935       17.688281       1468.5763       2.3795461        2.3795461       1480.2683                   17.688281             -5.9963549                  1468.5763
              1       742.27083       69.544599     0.022531532       3.5037467      0.12883534       1.0150567    -0.018378908       -19.34677       1.0513197      0.80714095       0.3143027     -0.84378075      0.68561702       13.158935       17.688281       1468.0906       2.3795461        2.3795461       1479.7826                   17.688281             -5.9963549                  1468.0906
