#        weight    minuslogpost              H0         omega_b            Neff       omega_cdm      lambda_qtm       delta_qtm              Mb     theta_s_100          sigma8         Omega_m           w_qtm       Omega_qtm             age       chi2__BAO        chi2__SN   minuslogprior minuslogprior__0            chi2 chi2__bao.desi_2024_bao_all chi2__gaussian_mixture chi2__sn.pantheonplusshoes
              1       1539.5516       67.508848     0.022130602       2.8903098       0.1163323      0.56191352      0.10643298      -19.287507       1.0795256      0.67655865      0.30523036     -0.95570258      0.69469213        13.92943       147.46765        2941.231       2.3795461        2.3795461       3074.3441                   147.46765             -14.354504                   2941.231
              1       1114.6769       67.508848     0.022130602       2.8903098       0.1163323      0.56191352      0.10643298      -19.338177       1.0795256      0.67655865      0.30523036     -0.95570258      0.69469213        13.92943       147.46765       2091.4816       2.3795461        2.3795461       2224.5948                   147.46765             -14.354504                  2091.4816
              1       960.08442       67.490217     0.022130602       2.8903098      0.12857599       0.7461736    0.0037632658      -19.339729       1.0613547      0.85260043        0.332279     -0.91997691      0.66764344        13.46434       17.845048       1911.9192       2.3795461        2.3795461       1915.4097                   17.845048             -14.354504                  1911.9192
              1       882.02639       67.490217     0.022130602       2.8903098      0.12857599       0.7461736    0.0037632658      -19.355511       1.0613547      0.85260043        0.332279     -0.91997691      0.66764344        13.46434       17.845048       1755.8031       2.3795461        2.3795461       1759.2937                   17.845048             -14.354504                  1755.8031
              1       761.94097       67.490217     0.022130602       2.8903098      0.12857599       0.7461736    0.0037632658      -19.397208       1.0613547      0.85260043        0.332279     -0.91997691      0.66764344        13.46434       17.845048       1515.6323       2.3795461        2.3795461       1519.1228                   17.845048             -14.354504                  1515.6323
              1       749.20055       67.490217     0.022130602       2.8903098      0.12857599       0.7461736    0.0037632658       -19.41259       1.0613547      0.85260043        0.332279     -0.91997691      0.66764344        13.46434       17.845048       1490.1515       2.3795461        2.3795461        1493.642                   17.845048             -14.354504                  1490.1515
              3       748.91719       67.490217     0.022127325       2.8666709      0.12857599       0.7461736    0.0037632658      -19.415401       1.0622111      0.85420329      0.33227181     -0.91997551      0.66765093       13.464434       18.180398       1489.1714       2.3795461        2.3795461       1493.0753                   18.180398              -14.27654                  1489.1714
              3       749.72953       67.409941     0.022127325       2.8666709      0.12812055      0.75087456   -0.0059089471      -19.415401        1.061655      0.85171322      0.33206139     -0.91891799      0.66786116       13.481575       17.972882       1491.0036       2.3795461        2.3795461          1494.7                   17.972882              -14.27654                  1491.0036
              1       749.30699       67.409941      0.02242873       2.9110995      0.12812055      0.75087456   -0.0059089471      -19.420404       1.0592059      0.84678129      0.33272468     -0.91904168      0.66719732       13.474304       17.238266       1490.3714       2.3795461        2.3795461       1493.8549                   17.238266             -13.754746                  1490.3714
              5       749.30631       67.409941      0.02242873       2.9110995      0.12812055      0.75087456   -0.0059089471      -19.420398       1.0592059      0.84678129      0.33272468     -0.91904168      0.66719732       13.474304       17.238266         1490.37       2.3795461        2.3795461       1493.8535                   17.238266             -13.754746                    1490.37
              2       749.69596       67.409941     0.022641387       2.9389156      0.12812055      0.75087456   -0.0059089471      -19.420398        1.057611      0.84356853      0.33319266     -0.91912885        0.666729       13.469186       17.299273       1490.4259       2.3795461        2.3795461       1494.6328                   17.299273             -13.092397                  1490.4259
              1       749.58404       67.409941     0.022641387       2.9389156      0.12812055      0.75087456   -0.0059089471      -19.419011        1.057611      0.84356853      0.33319266     -0.91912885        0.666729       13.469186       17.299273       1490.2021       2.3795461        2.3795461        1494.409                   17.299273             -13.092397                  1490.2021
              1        749.5824       67.409941     0.022641387       2.9389156      0.12812055      0.75087456   -0.0059089471      -19.418211        1.057611      0.84356853      0.33319266     -0.91912885        0.666729       13.469186       17.299273       1490.1988       2.3795461        2.3795461       1494.4057                   17.299273             -13.092397                  1490.1988
              2       749.63403       67.405511     0.022641387       2.9389156      0.12810396      0.74812456   -0.0047247408      -19.418211       1.0575077      0.84370112      0.33319996     -0.91972528      0.66672169       13.470675       17.329217       1490.2721       2.3795461        2.3795461        1494.509                   17.329217             -13.092397                  1490.2721
              2       749.70399       67.405511     0.022641387       2.9389156      0.12810396      0.74812456   -0.0047247408      -19.420315       1.0575077      0.84370112      0.33319996     -0.91972528      0.66672169       13.470675       17.329217       1490.4121       2.3795461        2.3795461       1494.6489                   17.329217             -13.092397                  1490.4121
              1       751.25956       67.405511     0.022632481       3.1546755      0.12810396      0.74812456   -0.0047247408      -19.417642       1.0499698      0.82996519      0.33318036     -0.91972231      0.66673863       13.470745       20.265485       1490.3436       2.3795461        2.3795461         1497.76                   20.265485             -12.849061                  1490.3436
              2       752.13772       67.405511     0.022632481       3.1546755      0.12810396      0.74812456   -0.0047247408      -19.413727       1.0499698      0.82996519      0.33318036     -0.91972231      0.66673863       13.470745       20.265485       1492.0999       2.3795461        2.3795461       1499.5163                   20.265485             -12.849061                  1492.0999
              1       751.61599       67.405511     0.022668893       3.1105171      0.12810396      0.74812456   -0.0047247408      -19.413727       1.0513997      0.83250579       0.3332605     -0.91973696      0.66665903       13.469901       19.436192       1492.0886       2.3795461        2.3795461       1498.4729                   19.436192             -13.051955                  1492.0886
              2       750.69748       67.405511     0.022668893       3.1105171      0.12810396      0.74812456   -0.0047247408      -19.418662       1.0513997      0.83250579       0.3332605     -0.91973696      0.66665903       13.469901       19.436192       1490.2516       2.3795461        2.3795461       1496.6359                   19.436192             -13.051955                  1490.2516
              1       750.73006       67.405511     0.022668893       3.1105171      0.12810396      0.74812456   -0.0047247408      -19.419743       1.0513997      0.83250579       0.3332605     -0.91973696      0.66665903       13.469901       19.436192       1490.3168       2.3795461        2.3795461        1496.701                   19.436192             -13.051955                  1490.3168
              2        750.7132       67.405511     0.022668893       3.1105171      0.12810396      0.74812456   -0.0047247408      -19.418111       1.0513997      0.83250579       0.3332605     -0.91973696      0.66665903       13.469901       19.436192       1490.2831       2.3795461        2.3795461       1496.6673                   19.436192             -13.051955                  1490.2831
              1       750.72887       67.405511     0.022668893       3.1105171      0.12810396      0.74812456   -0.0047247408      -19.417841       1.0513997      0.83250579       0.3332605     -0.91973696      0.66665903       13.469901       19.436192       1490.3144       2.3795461        2.3795461       1496.6987                   19.436192             -13.051955                  1490.3144
              2       749.55907       67.520414     0.022668893       3.1105171       0.1277726      0.74240929    -0.005217682      -19.417841       1.0514081      0.83149274      0.33140039      -0.9206387      0.66851941        13.46899       18.447086       1488.9639       2.3795461        2.3795461       1494.3591                   18.447086             -13.051955                  1488.9639
              3        750.7332       67.520414     0.022668893       3.1105171       0.1277726      0.74240929    -0.005217682      -19.409745       1.0514081      0.83149274      0.33140039      -0.9206387      0.66851941        13.46899       18.447086       1491.3122       2.3795461        2.3795461       1496.7073                   18.447086             -13.051955                  1491.3122
              1       749.41285       67.520414     0.022668893       3.1105171       0.1277726      0.74240929    -0.005217682      -19.416045       1.0514081      0.83149274      0.33140039      -0.9206387      0.66851941        13.46899       18.447086       1488.6715       2.3795461        2.3795461       1494.0666                   18.447086             -13.051955                  1488.6715
              1       749.97696       67.520414     0.022668893       3.1105171       0.1277726      0.74240929    -0.005217682      -19.419779       1.0514081      0.83149274      0.33140039      -0.9206387      0.66851941        13.46899       18.447086       1489.7997       2.3795461        2.3795461       1495.1948                   18.447086             -13.051955                  1489.7997
              1       749.60697       67.520414     0.022668893       3.1105171       0.1277726      0.74240929    -0.005217682      -19.418146       1.0514081      0.83149274      0.33140039      -0.9206387      0.66851941        13.46899       18.447086       1489.0597       2.3795461        2.3795461       1494.4549                   18.447086             -13.051955                  1489.0597
              6       748.91238       67.520414     0.022576047       3.0218392       0.1277726      0.74240929    -0.005217682      -19.419388       1.0547738      0.83772739      0.33119673      -0.9206013      0.66872416        13.47128       17.061092       1489.5507       2.3795461        2.3795461       1493.0657                   17.061092             -13.546106                  1489.5507
              1       748.46638       67.520414     0.022576047       3.0218392       0.1277726      0.74240929    -0.005217682      -19.415865       1.0547738      0.83772739      0.33119673      -0.9206013      0.66872416        13.47128       17.061092       1488.6587       2.3795461        2.3795461       1492.1737                   17.061092             -13.546106                  1488.6587
              2       748.36672       67.520414     0.022475388       3.0483606       0.1277726      0.74240929    -0.005217682      -19.415865       1.0541258      0.83667455      0.33097594      -0.9205611      0.66894463       13.473683       17.073419       1488.6497       2.3795461        2.3795461       1491.9744                   17.073419             -13.748752                  1488.6497
              1       748.98915       67.520414     0.022475388       3.0483606       0.1277726      0.74240929    -0.005217682      -19.411763       1.0541258      0.83667455      0.33097594      -0.9205611      0.66894463       13.473683       17.073419       1489.8945       2.3795461        2.3795461       1493.2192                   17.073419             -13.748752                  1489.8945
              1       749.33433       67.520414      0.02242514       2.8576493       0.1277726      0.74240929    -0.005217682      -19.411763       1.0610399      0.84945771      0.33086573     -0.92054042      0.66905719       13.475019       17.421104       1489.9081       2.3795461        2.3795461       1493.9096                   17.421104             -13.419641                  1489.9081
              3       748.81155       67.520414      0.02242514       2.8576493       0.1277726      0.74240929    -0.005217682      -19.414214       1.0610399      0.84945771      0.33086573     -0.92054042      0.66905719       13.475019       17.421104       1488.8625       2.3795461        2.3795461        1492.864                   17.421104             -13.419641                  1488.8625
              2       748.69137       67.520414     0.022285394        2.859568       0.1277726      0.74240929    -0.005217682      -19.414214       1.0613699      0.85025121       0.3305592     -0.92048447       0.6693637       13.478382       17.644989       1488.8712       2.3795461        2.3795461       1492.6236                   17.644989             -13.892586                  1488.8712
              1       749.36072       67.520414     0.022285394        2.859568       0.1277726      0.74240929    -0.005217682      -19.411353       1.0613699      0.85025121       0.3305592     -0.92048447       0.6693637       13.478382       17.644989       1490.2099       2.3795461        2.3795461       1493.9624                   17.644989             -13.892586                  1490.2099
              1       748.83172       67.520414     0.022285394        2.859568       0.1277726      0.74240929    -0.005217682      -19.418726       1.0613699      0.85025121       0.3305592     -0.92048447       0.6693637       13.478382       17.644989        1489.152       2.3795461        2.3795461       1492.9044                   17.644989             -13.892586                   1489.152
              2       748.76378       67.520414     0.022285394        2.859568       0.1277726      0.74240929    -0.005217682      -19.413727       1.0613699      0.85025121       0.3305592     -0.92048447       0.6693637       13.478382       17.644989       1489.0161       2.3795461        2.3795461       1492.7685                   17.644989             -13.892586                  1489.0161
              1       748.61381       67.520414     0.022539425       3.0370413       0.1277726      0.74240929    -0.005217682      -19.413727       1.0543426      0.83698762      0.33111641     -0.92058669       0.6688043        13.47215       17.109122       1488.9908       2.3795461        2.3795461       1492.4685                   17.109122             -13.631358                  1488.9908
              2       748.49863       67.520414     0.022539425       3.0370413       0.1277726      0.74240929    -0.005217682      -19.414678       1.0543426      0.83698762      0.33111641     -0.92058669       0.6688043        13.47215       17.109122       1488.7604       2.3795461        2.3795461       1492.2382                   17.109122             -13.631358                  1488.7604
              1       749.19125       67.520414     0.022492604       3.1040608       0.1277726      0.74240929    -0.005217682      -19.418993       1.0521286      0.83302248       0.3310137     -0.92056815      0.66890618       13.473231       17.741597       1489.3323       2.3795461        2.3795461       1493.6234                   17.741597             -13.450455                  1489.3323
              2       748.90761       67.532333     0.022492604       3.1040608        0.127829      0.74671687   -0.0058808311      -19.417724       1.0522948      0.83311336      0.33102052     -0.91963458      0.66889939        13.46959       17.625512       1488.8811       2.3795461        2.3795461       1493.0561                   17.625512             -13.450455                  1488.8811
              1       748.77407       67.532333     0.022490306       3.0904056        0.127829      0.74671687   -0.0058808311      -19.417724       1.0527779      0.83399249      0.33101548     -0.91963361      0.66890459       13.469654       17.445288       1488.8804       2.3795461        2.3795461        1492.789                   17.445288             -13.536602                  1488.8804
              3       750.41375       67.702962     0.022490306       3.0904056      0.13035545      0.73874362    -0.017553573      -19.417724        1.056435      0.84144599      0.33486092      -0.9221571      0.66505956       13.398723       17.910321       1491.6947       2.3795461        2.3795461       1496.0684                   17.910321             -13.536602                  1491.6947
              3       748.05826       67.702962     0.022613061       3.0697485      0.13035545      0.73874362    -0.017553573      -19.410743       1.0568096      0.84198392      0.33512873     -0.92220523        0.664792       13.395843       17.991611       1486.7264       2.3795461        2.3795461       1491.3574                   17.991611             -13.360615                  1486.7264
              1       748.50546       67.702962     0.022634252       2.8964084      0.13035545      0.73874362    -0.017553573      -19.410743       1.0628726      0.85316204      0.33517496     -0.92221305       0.6647479       13.395458       18.355853       1486.7316       2.3795461        2.3795461       1492.2518                   18.355853             -12.835658                  1486.7316
              1       749.17468       67.702962     0.022973512       2.9378835      0.13035545      0.73874362    -0.017553573      -19.410743        1.060428      0.84821929      0.33591511     -0.92234624      0.66400724       13.387448       18.004404       1486.8267       2.3795461        2.3795461       1493.5903                   18.004404             -11.240855                  1486.8267
              5        749.4513       67.702962     0.022973512       2.9378835      0.13035545      0.73874362    -0.017553573      -19.405678        1.060428      0.84821929      0.33591511     -0.92234624      0.66400724       13.387448       18.004404         1487.38       2.3795461        2.3795461       1494.1435                   18.004404             -11.240855                    1487.38
              1       750.70652       67.984222     0.022973512       2.9378835      0.12375015      0.92012462     -0.02321885      -19.407096       1.0586451      0.81431155      0.31884993     -0.87370349      0.68107304        13.45669       19.732586       1488.1622       2.3795461        2.3795461       1496.6539                   19.732586             -11.240855                  1488.1622
              2       748.14919       67.984222     0.022973512       2.9378835      0.12375015      0.92012462     -0.02321885      -19.400827       1.0586451      0.81431155      0.31884993     -0.87370349      0.68107304        13.45669       19.732586       1483.0476       2.3795461        2.3795461       1491.5393                   19.732586             -11.240855                  1483.0476
              1       748.39351       67.984222     0.022973512       2.9378835      0.12375015      0.92012462     -0.02321885      -19.394647       1.0586451      0.81431155      0.31884993     -0.87370349      0.68107304        13.45669       19.732586       1483.5362       2.3795461        2.3795461       1492.0279                   19.732586             -11.240855                  1483.5362
              3       747.96297       67.984222     0.022973512       2.9378835      0.12375015      0.92012462     -0.02321885      -19.399414       1.0586451      0.81431155      0.31884993     -0.87370349      0.68107304        13.45669       19.732586       1482.6751       2.3795461        2.3795461       1491.1668                   19.732586             -11.240855                  1482.6751
              2       748.14288       68.314846     0.022973512       2.9378835      0.12237816      0.88033002     0.012671889      -19.399414       1.0566008       0.8148184       0.3128313     -0.88291114      0.68709241       13.470709       19.020388       1483.7471       2.3795461        2.3795461       1491.5267                   19.020388             -11.240855                  1483.7471
              3       747.62168       68.052764     0.022973512       2.9378835      0.11761733      0.89249757     0.021988503      -19.399414       1.0523442      0.78895751      0.30496552     -0.87747584       0.6949576       13.609388       20.201185       1481.5239       2.3795461        2.3795461       1490.4843                   20.201185             -11.240855                  1481.5239
              2       747.57836       68.052764     0.022973512       2.9378835      0.11761733      0.89249757     0.021988503      -19.400168       1.0523442      0.78895751      0.30496552     -0.87747584       0.6949576       13.609388       20.201185       1481.4373       2.3795461        2.3795461       1490.3976                   20.201185             -11.240855                  1481.4373
              2       744.76131       68.052764     0.023252818       3.3138642      0.11761733      0.89249757     0.021988503      -19.400168       1.0382415      0.76517182      0.30556862     -0.87764718      0.69434994       13.602215       12.718455       1481.4253       2.3795461        2.3795461       1484.7635                   12.718455             -9.3802342                  1481.4253
              4       743.95898       68.215385     0.023252818       3.3138642      0.11550644      0.91907205    0.0029860697      -19.397881       1.0357472       0.7609699      0.29957714     -0.86814898      0.70034181       13.622353       12.645642       1479.8935       2.3795461        2.3795461       1483.1589                   12.645642             -9.3802342                  1479.8935
              2        745.7205       68.215385     0.023018841       3.4876788      0.11550644      0.91907205    0.0029860697      -19.397881       1.0304116      0.75274177      0.29907433     -0.86799824      0.70084252       13.628036       13.734804       1479.8642       2.3795461        2.3795461       1486.6819                   13.734804             -6.9171152                  1479.8642
              3       745.47468       68.215385     0.022994801       3.4769467      0.11550644      0.91907205    0.0029860697      -19.397881       1.0308415      0.75346658      0.29902266     -0.86798261      0.70089432       13.628642       13.525519       1479.8614       2.3795461        2.3795461       1486.1903                   13.525519              -7.196616                  1479.8614
              3       743.45508       68.215385     0.023093012       3.2569515      0.11550644      0.91907205    0.0029860697      -19.397881       1.0381626      0.76514145      0.29923372     -0.86804518      0.70068592       13.626362       12.902018        1479.873       2.3795461        2.3795461       1482.1511                   12.902018             -10.623919                   1479.873
              2       744.50364       68.215385     0.023045397       3.4114067      0.11550644      0.91907205    0.0029860697      -19.397881       1.0329454      0.75676548       0.2991314     -0.86801508      0.70078638       13.627432       12.934211       1479.8673       2.3795461        2.3795461       1484.2482                   12.934211             -8.5533473                  1479.8673
              3       744.34031       68.215385     0.023045397       3.4114067      0.11550644      0.91907205    0.0029860697      -19.396087       1.0329454      0.75676548       0.2991314     -0.86801508      0.70078638       13.627432       12.934211       1479.5407       2.3795461        2.3795461       1483.9215                   12.934211             -8.5533473                  1479.5407
              1       743.63284       68.215385     0.022890629       3.3636956      0.11550644      0.91907205    0.0029860697      -19.396087       1.0350062      0.76032989       0.2987988      -0.8679145      0.70111955       13.631315       12.660319        1479.543       2.3795461        2.3795461       1482.5066                   12.660319              -9.696711                   1479.543
              2       744.75943       68.215385     0.022890629       3.3636956      0.11550644      0.91907205    0.0029860697      -19.401403       1.0350062      0.76032989       0.2987988      -0.8679145      0.70111955       13.631315       12.660319       1481.7962       2.3795461        2.3795461       1484.7598                   12.660319              -9.696711                  1481.7962
              1       744.15432       68.215385     0.022890629       3.3636956      0.11550644      0.91907205    0.0029860697      -19.391977       1.0350062      0.76032989       0.2987988      -0.8679145      0.70111955       13.631315       12.660319       1480.5859       2.3795461        2.3795461       1483.5495                   12.660319              -9.696711                  1480.5859
              1       744.37909       68.215385     0.022890629       3.3636956      0.11550644      0.91907205    0.0029860697      -19.391231       1.0350062      0.76032989       0.2987988      -0.8679145      0.70111955       13.631315       12.660319       1481.0355       2.3795461        2.3795461       1483.9991                   12.660319              -9.696711                  1481.0355
              1       745.50616       68.215385     0.022835081       3.4545841      0.11550644      0.91907205    0.0029860697      -19.391231       1.0320341      0.75562597      0.29867943     -0.86787892      0.70123782       13.632631       12.990965       1481.0561       2.3795461        2.3795461       1486.2532                   12.990965             -7.7937999                  1481.0561
              2       744.40999       68.215385     0.022688763       3.3651595      0.11550644      0.91907205    0.0029860697      -19.391231       1.0355023      0.76144837      0.29836499     -0.86778353      0.70155334        13.63634       12.740226       1481.1122       2.3795461        2.3795461       1484.0609                   12.740226             -9.7915731                  1481.1122
              3        745.4545       68.215385     0.022688763       3.3651595      0.11550644      0.91907205    0.0029860697      -19.388769       1.0355023      0.76144837      0.29836499     -0.86778353      0.70155334        13.63634       12.740226       1483.2012       2.3795461        2.3795461       1486.1499                   12.740226             -9.7915731                  1483.2012
              1       744.54898       68.215385     0.022688763       3.3651595      0.11550644      0.91907205    0.0029860697      -19.390834       1.0355023      0.76144837      0.29836499     -0.86778353      0.70155334        13.63634       12.740226       1481.3902       2.3795461        2.3795461       1484.3389                   12.740226             -9.7915731                  1481.3902
              1       745.73191       68.215385     0.022688763       3.3651595      0.11550644      0.91907205    0.0029860697      -19.388247       1.0355023      0.76144837      0.29836499     -0.86778353      0.70155334        13.63634       12.740226       1483.7561       2.3795461        2.3795461       1486.7047                   12.740226             -9.7915731                  1483.7561
              1       743.68366       68.215385     0.022688763       3.3651595      0.11550644      0.91907205    0.0029860697       -19.39464       1.0355023      0.76144837      0.29836499     -0.86778353      0.70155334        13.63634       12.740226       1479.6596       2.3795461        2.3795461       1482.6082                   12.740226             -9.7915731                  1479.6596
              2       743.94526       68.215385     0.022327337       3.3162748      0.11550644      0.91907205    0.0029860697       -19.39464       1.0381775      0.76637119      0.29758829     -0.86754848      0.70233063       13.645392       13.843477       1479.7127       2.3795461        2.3795461       1483.1314                   13.843477             -10.424768                  1479.7127
              1       743.59281       68.215385     0.022452966       3.2586847      0.11550644      0.91907205    0.0029860697       -19.39464       1.0398472      0.76890046      0.29785826     -0.86762985      0.70206135       13.642297       14.421756       1479.6935       2.3795461        2.3795461       1482.4265                   14.421756             -11.688731                  1479.6935
              1       744.36048       68.215385     0.022452966       3.2586847      0.11550644      0.91907205    0.0029860697      -19.391197       1.0398472      0.76890046      0.29785826     -0.86762985      0.70206135       13.642297       14.421756       1481.2288       2.3795461        2.3795461       1483.9619                   14.421756             -11.688731                  1481.2288
              3       746.69254       68.215385     0.022452966       3.2586847      0.11550644      0.91907205    0.0029860697      -19.405408       1.0398472      0.76890046      0.29785826     -0.86762985      0.70206135       13.642297       14.421756        1485.893       2.3795461        2.3795461        1488.626                   14.421756             -11.688731                   1485.893
              1       743.99319       68.215385     0.022452966       3.2586847      0.11550644      0.91907205    0.0029860697      -19.399632       1.0398472      0.76890046      0.29785826     -0.86762985      0.70206135       13.642297       14.421756       1480.4943       2.3795461        2.3795461       1483.2273                   14.421756             -11.688731                  1480.4943
              2       743.66557       68.215385     0.022452966       3.2586847      0.11550644      0.91907205    0.0029860697      -19.398002       1.0398472      0.76890046      0.29785826     -0.86762985      0.70206135       13.642297       14.421756        1479.839       2.3795461        2.3795461        1482.572                   14.421756             -11.688731                   1479.839
              3       744.10397       68.215385     0.022452966       3.2586847      0.11550644      0.91907205    0.0029860697      -19.400036       1.0398472      0.76890046      0.29785826     -0.86762985      0.70206135       13.642297       14.421756       1480.7158       2.3795461        2.3795461       1483.4488                   14.421756             -11.688731                  1480.7158
              3       743.38926       68.215385     0.022698712       3.2313842      0.11550644      0.91907205    0.0029860697      -19.393714       1.0401342      0.76898065      0.29838637     -0.86778932      0.70153357        13.63619       14.098644       1479.8871       2.3795461        2.3795461       1482.0194                   14.098644             -11.966334                  1479.8871
              2       743.29036       68.215385     0.022698712       3.2313842      0.11550644      0.91907205    0.0029860697      -19.397311       1.0401342      0.76898065      0.29838637     -0.86778932      0.70153357        13.63619       14.098644       1479.6893       2.3795461        2.3795461       1481.8216                   14.098644             -11.966334                  1479.6893
              1       744.65771       68.215385     0.022698712       3.2313842      0.11550644      0.91907205    0.0029860697      -19.389567       1.0401342      0.76898065      0.29838637     -0.86778932      0.70153357        13.63619       14.098644        1482.424       2.3795461        2.3795461       1484.5563                   14.098644             -11.966334                   1482.424
              2       743.35554       68.215385     0.022698712       3.2313842      0.11550644      0.91907205    0.0029860697      -19.393941       1.0401342      0.76898065      0.29838637     -0.86778932      0.70153357        13.63619       14.098644       1479.8197       2.3795461        2.3795461        1481.952                   14.098644             -11.966334                  1479.8197
              2       743.25999       68.215385     0.022698712       3.2313842      0.11550644      0.91907205    0.0029860697      -19.394818       1.0401342      0.76898065      0.29838637     -0.86778932      0.70153357        13.63619       14.098644       1479.6286       2.3795461        2.3795461       1481.7609                   14.098644             -11.966334                  1479.6286
              1       743.64008       68.215385     0.022536953       3.3172767      0.11550644      0.91907205    0.0029860697      -19.398175       1.0375736      0.76505294      0.29803875     -0.86768471      0.70188015       13.640159       13.310214       1479.8997       2.3795461        2.3795461       1482.5211                   13.310214             -10.688842                  1479.8997
              1       743.62238       68.157219     0.022536953       3.3172767      0.11677894      0.90011561  -3.9686997e-05      -19.399468       1.0382821      0.77121513      0.30128694      -0.8741441      0.69863183       13.622885       12.744663       1480.4298       2.3795461        2.3795461       1482.4857                   12.744663             -10.688842                  1480.4298
              1       743.39218       68.157219     0.022499571       3.2468762      0.11677894      0.90011561  -3.9686997e-05      -19.399468       1.0408366      0.77549068      0.30120647     -0.87412063      0.69871315       13.623866        13.49041       1480.4268       2.3795461        2.3795461       1482.0253                    13.49041             -11.891939                  1480.4268
              2        743.3034       68.157219     0.022499571       3.2468762      0.11677894      0.90011561  -3.9686997e-05      -19.398194       1.0408366      0.77549068      0.30120647     -0.87412063      0.69871315       13.623866        13.49041       1480.2492       2.3795461        2.3795461       1481.8477                    13.49041             -11.891939                  1480.2492
              7       743.44768       68.157219     0.022499571       3.2468762      0.11677894      0.90011561  -3.9686997e-05      -19.395831       1.0408366      0.77549068      0.30120647     -0.87412063      0.69871315       13.623866        13.49041       1480.5378       2.3795461        2.3795461       1482.1363                    13.49041             -11.891939                  1480.5378
              4        743.7433       68.157219     0.022338092       3.2555233      0.11677894      0.90011561  -3.9686997e-05      -19.395831       1.0409753        0.775974      0.30085886     -0.87402068      0.69906066       13.627879       13.792819       1480.5696       2.3795461        2.3795461       1482.7275                   13.792819             -11.634914                  1480.5696
              2       743.65743       68.157219     0.022338092       3.2555233      0.11677894      0.90011561  -3.9686997e-05      -19.396503       1.0409753        0.775974      0.30085886     -0.87402068      0.69906066       13.627879       13.792819       1480.3979       2.3795461        2.3795461       1482.5558                   13.792819             -11.634914                  1480.3979
              1       743.68756       68.157219     0.022327962        3.261964      0.11677894      0.90011561  -3.9686997e-05      -19.396503       1.0407777      0.77566266      0.30083705     -0.87401443      0.69908239       13.628127       13.721997       1480.3994       2.3795461        2.3795461        1482.616                   13.721997             -11.505356                  1480.3994
              1       744.17002       68.188786     0.022327962        3.261964      0.11538606       0.8846237   -0.0060075452      -19.394562        1.039287      0.76950382      0.29756295     -0.87750425      0.70235657       13.667315        13.92734        1481.159       2.3795461        2.3795461       1483.5809                    13.92734             -11.505356                   1481.159
              1       744.95366       68.188786     0.022327962        3.261964      0.11538606       0.8846237   -0.0060075452      -19.392361        1.039287      0.76950382      0.29756295     -0.87750425      0.70235657       13.667315        13.92734       1482.7262       2.3795461        2.3795461       1485.1482                    13.92734             -11.505356                  1482.7262
              1       744.57866       68.188786     0.022470666        3.096107      0.11538606       0.8846237   -0.0060075452      -19.395327       1.0447633      0.77831226      0.29786986     -0.87758925      0.70205166       13.663836       17.198435       1480.7322       2.3795461        2.3795461       1484.3982                   17.198435             -13.532452                  1480.7322
              2       744.76349       68.188786     0.022470666        3.096107      0.11538606       0.8846237   -0.0060075452      -19.394569       1.0447633      0.77831226      0.29786986     -0.87758925      0.70205166       13.663836       17.198435       1481.1019       2.3795461        2.3795461       1484.7679                   17.198435             -13.532452                  1481.1019
              3          744.28       68.188786     0.022470666        3.096107      0.11538606       0.8846237   -0.0060075452      -19.397464       1.0447633      0.77831226      0.29786986     -0.87758925      0.70205166       13.663836       17.198435       1480.1349       2.3795461        2.3795461       1483.8009                   17.198435             -13.532452                  1480.1349
              1       744.30635       68.188786     0.022470666        3.096107      0.11538606       0.8846237   -0.0060075452      -19.397115       1.0447633      0.77831226      0.29786986     -0.87758925      0.70205166       13.663836       17.198435       1480.1876       2.3795461        2.3795461       1483.8536                   17.198435             -13.532452                  1480.1876
              4        745.8645       68.188786     0.022470666        3.096107      0.11538606       0.8846237   -0.0060075452      -19.405036       1.0447633      0.77831226      0.29786986     -0.87758925      0.70205166       13.663836       17.198435       1483.3039       2.3795461        2.3795461       1486.9699                   17.198435             -13.532452                  1483.3039
              1       744.76271       68.188786     0.022470666        3.096107      0.11538606       0.8846237   -0.0060075452      -19.394572       1.0447633      0.77831226      0.29786986     -0.87758925      0.70205166       13.663836       17.198435       1481.1003       2.3795461        2.3795461       1484.7663                   17.198435             -13.532452                  1481.1003
              1       744.50618       68.188786     0.022470666        3.096107      0.11538606       0.8846237   -0.0060075452      -19.395683       1.0447633      0.77831226      0.29786986     -0.87758925      0.70205166       13.663836       17.198435       1480.5873       2.3795461        2.3795461       1484.2533                   17.198435             -13.532452                  1480.5873
              1        744.3456        68.18943     0.022470666        3.096107      0.11536821      0.88452105   -0.0062243837      -19.396794       1.0447533      0.77820406      0.29782585     -0.87760667      0.70209567       13.664293       17.218685       1480.2459       2.3795461        2.3795461       1483.9321                   17.218685             -13.532452                  1480.2459
              8       743.44882        68.18943     0.022823851         3.14711      0.11536821      0.88452105   -0.0062243837      -19.396794       1.0419726      0.77302471      0.29858542     -0.87781889      0.70133548       13.655357       14.365118       1480.1771       2.3795461        2.3795461       1482.1386                   14.365118             -12.403629                  1480.1771
