#        weight    minuslogpost              H0         omega_b            Neff       omega_cdm      lambda_qtm       delta_qtm              Mb     theta_s_100          sigma8         Omega_m           w_qtm       Omega_qtm             age       chi2__BAO        chi2__SN   minuslogprior minuslogprior__0            chi2 chi2__bao.desi_2024_bao_all chi2__gaussian_mixture chi2__sn.pantheonplusshoes
              1       1236.3902       68.797819     0.021996233       2.9994393      0.12004315      0.97238061    -0.016382213      -19.258528       1.0586641      0.80391664      0.30145639     -0.85268329      0.69846766       13.462548       39.798368       2442.4621       2.3795461        2.3795461       2468.0214                   39.798368             -14.239065                  2442.4621
              1       951.69456       70.088388     0.021996233       2.9994393      0.11600562      0.81031411    -0.018568632      -19.272765       1.0560966      0.79183504      0.28223781     -0.89401787      0.71768902       13.514156       55.573524       1857.2956       2.3795461        2.3795461         1898.63                   55.573524             -14.239065                  1857.2956
              1       927.48473       70.088388     0.021996233       2.9994393      0.11600562      0.81031411    -0.018568632      -19.277472       1.0560966      0.79183504      0.28223781     -0.89401787      0.71768902       13.514156       55.573524       1808.8759       2.3795461        2.3795461       1850.2104                   55.573524             -14.239065                  1808.8759
              1       800.20789       70.088388     0.021996233       2.9994393      0.11600562      0.81031411    -0.018568632       -19.31135       1.0560966      0.79183504      0.28223781     -0.89401787      0.71768902       13.514156       55.573524       1554.3222       2.3795461        2.3795461       1595.6567                   55.573524             -14.239065                  1554.3222
              1       773.44166       70.392265     0.021996233       2.9994393      0.12399704      0.82443516     0.037709787      -19.314744       1.0685648       0.8143677      0.29593404     -0.89387783      0.70399342        13.29607       70.035284        1486.328       2.3795461        2.3795461       1542.1242                   70.035284             -14.239065                   1486.328
              1       763.05612       70.392265     0.022188069        3.204754      0.12399704      0.82443516     0.037709787      -19.314744       1.0606542      0.80052096      0.29632119     -0.89397348      0.70360394       13.291435       47.572952       1486.0399       2.3795461        2.3795461       1521.3531                   47.572952             -12.259722                  1486.0399
              2       756.69805       70.392265     0.022188069        3.204754      0.12399704      0.82443516     0.037709787       -19.32034       1.0606542      0.80052096      0.29632119     -0.89397348      0.70360394       13.291435       47.572952       1473.3238       2.3795461        2.3795461        1508.637                   47.572952             -12.259722                  1473.3238
              1       751.31624       70.392265     0.022188069        3.204754      0.12399704      0.82443516     0.037709787      -19.328935       1.0606542      0.80052096      0.29632119     -0.89397348      0.70360394       13.291435       47.572952       1462.5602       2.3795461        2.3795461       1497.8734                   47.572952             -12.259722                  1462.5602
              2        745.8868       70.392265      0.02202396       3.6226532      0.12399704      0.82443516     0.037709787      -19.328935       1.0466193      0.77736172      0.29598999     -0.89389385       0.7039304       13.294989       23.263643       1462.6304       2.3795461        2.3795461       1487.0145                   23.263643              1.1204291                  1462.6304
              2       746.34202       70.392265     0.021998123        3.612507      0.12399704      0.82443516     0.037709787      -19.338633       1.0470323      0.77807696      0.29593785     -0.89388103      0.70398266       13.295602       23.934099       1463.1171       2.3795461        2.3795461       1487.9249                   23.934099             0.87368969                  1463.1171
              1       745.56695       70.392265     0.021998123        3.612507      0.12399704      0.82443516     0.037709787      -19.335761       1.0470323      0.77807696      0.29593785     -0.89388103      0.70398266       13.295602       23.934099        1461.567       2.3795461        2.3795461       1486.3748                   23.934099             0.87368969                   1461.567
              1       745.38515       70.392265     0.021998123        3.612507      0.12399704      0.82443516     0.037709787      -19.334004       1.0470323      0.77807696      0.29593785     -0.89388103      0.70398266       13.295602       23.934099       1461.2034       2.3795461        2.3795461       1486.0112                   23.934099             0.87368969                  1461.2034
              1       745.42867       70.392265     0.021998123        3.612507      0.12399704      0.82443516     0.037709787      -19.334678       1.0470323      0.77807696      0.29593785     -0.89388103      0.70398266       13.295602       23.934099       1461.2905       2.3795461        2.3795461       1486.0982                   23.934099             0.87368969                  1461.2905
              1       745.74286       70.392265     0.021998123        3.612507      0.12399704      0.82443516     0.037709787      -19.330239       1.0470323      0.77807696      0.29593785     -0.89388103      0.70398266       13.295602       23.934099       1461.9188       2.3795461        2.3795461       1486.7266                   23.934099             0.87368969                  1461.9188
              1       745.85888       70.375414     0.021998123        3.612507      0.12350342      0.81605806     0.037393715      -19.330239        1.046276      0.77649296      0.29508291     -0.89586387      0.70483755       13.311916       23.379879       1462.7051       2.3795461        2.3795461       1486.9587                   23.379879             0.87368969                  1462.7051
              1       746.54494       70.375414     0.021998123        3.612507      0.12350342      0.81605806     0.037393715      -19.340599        1.046276      0.77649296      0.29508291     -0.89586387      0.70483755       13.311916       23.379879       1464.0772       2.3795461        2.3795461       1488.3308                   23.379879             0.87368969                  1464.0772
              2       745.26368       70.375414     0.021998123        3.612507      0.12350342      0.81605806     0.037393715      -19.333241        1.046276      0.77649296      0.29508291     -0.89586387      0.70483755       13.311916       23.379879       1461.5147       2.3795461        2.3795461       1485.7683                   23.379879             0.87368969                  1461.5147
              1       745.22628       70.375414     0.021998123        3.612507      0.12350342      0.81605806     0.037393715       -19.33523        1.046276      0.77649296      0.29508291     -0.89586387      0.70483755       13.311916       23.379879       1461.4399       2.3795461        2.3795461       1485.6935                   23.379879             0.87368969                  1461.4399
              2       745.64672       70.375414     0.021998123        3.612507      0.12350342      0.81605806     0.037393715      -19.337995        1.046276      0.77649296      0.29508291     -0.89586387      0.70483755       13.311916       23.379879       1462.2808       2.3795461        2.3795461       1486.5343                   23.379879             0.87368969                  1462.2808
              3       746.21716       70.375414     0.022137604       3.8150369      0.12350342      0.81605806     0.037393715      -19.337995       1.0391181      0.76467266      0.29536454     -0.89593232      0.70455363       13.308491       15.685905       1462.2998       2.3795461        2.3795461       1487.6752                   15.685905              9.6894729                  1462.2998
              1       744.94971       70.375668     0.022137604       3.8150369      0.12900838      0.78534906     0.034112801       -19.33603        1.043373      0.79021349       0.3064774     -0.90615705      0.69344078       13.190427       13.558587       1461.8923       2.3795461        2.3795461       1485.1403                   13.558587              9.6894729                  1461.8923
              2       743.70394       70.375668     0.022114631       3.7399345      0.12900838      0.78534906     0.034112801       -19.33603       1.0459086      0.79450894      0.30643102     -0.90614673      0.69348801       13.191001       14.824512       1461.8873       2.3795461        2.3795461       1482.6488                   14.824512              5.9369318                  1461.8873
              1       743.57023       70.375668     0.022114631       3.7399345      0.12900838      0.78534906     0.034112801      -19.335421       1.0459086      0.79450894      0.30643102     -0.90614673      0.69348801       13.191001       14.824512       1461.6199       2.3795461        2.3795461       1482.3814                   14.824512              5.9369318                  1461.6199
              1       739.52069       70.320628      0.02248122       3.6278015      0.12791539       0.7524759     0.029699041      -19.335421       1.0461008      0.79828103      0.30544194     -0.91370801      0.69447824       13.221563       14.120828       1461.6173       2.3795461        2.3795461       1474.2823                   14.120828               -1.45587                  1461.6173
              1       739.81162       70.320628      0.02248122       3.6278015      0.12791539       0.7524759     0.029699041       -19.33857       1.0461008      0.79828103      0.30544194     -0.91370801      0.69447824       13.221563       14.120828       1462.1992       2.3795461        2.3795461       1474.8642                   14.120828               -1.45587                  1462.1992
              4       739.98369       70.413635      0.02248122       3.6278015      0.12858758      0.74123385     0.022387854       -19.33857       1.0457371      0.80608194      0.30599132     -0.91630462      0.69392908       13.198256       13.453605       1463.2106       2.3795461        2.3795461       1475.2083                   13.453605               -1.45587                  1463.2106
              2       741.89708       70.751985      0.02248122       3.6278015      0.12504608      0.48734935  -9.5264315e-05      -19.324034       1.0389349      0.80285182      0.29599682     -0.96321696      0.70392418       13.317687       12.714582       1467.7763       2.3795461        2.3795461       1479.0351                   12.714582               -1.45587                  1467.7763
              1       746.05284       70.751985      0.02248122       3.6278015      0.12504608      0.48734935  -9.5264315e-05      -19.318863       1.0389349      0.80285182      0.29599682     -0.96321696      0.70392418       13.317687       12.714582       1476.0879       2.3795461        2.3795461       1487.3466                   12.714582               -1.45587                  1476.0879
              1       745.10267       70.751985     0.022305377       3.5453022      0.12504608      0.48734935  -9.5264315e-05      -19.318863       1.0421625      0.80870507      0.29564554     -0.96318768      0.70427638       13.322048       12.819602       1476.3693       2.3795461        2.3795461       1485.4463                   12.819602             -3.7426896                  1476.3693
              2       743.18283       70.751985     0.022305377       3.5453022      0.12504608      0.48734935  -9.5264315e-05      -19.320945       1.0421625      0.80870507      0.29564554     -0.96318768      0.70427638       13.322048       12.819602       1472.5297       2.3795461        2.3795461       1481.6066                   12.819602             -3.7426896                  1472.5297
              1       742.30484       70.647641     0.022305377       3.5453022      0.12550523      0.68284728    -0.026565265      -19.320945       1.0465475       0.7984922       0.2974396     -0.92781043      0.70248226        13.27455       16.680455       1466.9128       2.3795461        2.3795461       1479.8506                   16.680455             -3.7426896                  1466.9128
              1       742.38686       70.647641     0.022305377       3.5453022      0.12550523      0.68284728    -0.026565265      -19.320823       1.0465475       0.7984922       0.2974396     -0.92781043      0.70248226        13.27455       16.680455       1467.0769       2.3795461        2.3795461       1480.0146                   16.680455             -3.7426896                  1467.0769
              1       741.65964       70.647641     0.022366371       3.3640565      0.12550523      0.68284728    -0.026565265      -19.338133       1.0525645      0.80873507      0.29756181     -0.92783021       0.7023621       13.273225       22.753048        1465.227       2.3795461        2.3795461       1478.5602                   22.753048             -9.4198747                   1465.227
              1       741.58795       70.647641     0.022366371       3.3640565      0.12550523      0.68284728    -0.026565265      -19.338006       1.0525645      0.80873507      0.29756181     -0.92783021       0.7023621       13.273225       22.753048       1465.0836       2.3795461        2.3795461       1478.4168                   22.753048             -9.4198747                  1465.0836
              1       739.78793       70.647641     0.022366371       3.3640565      0.12550523      0.68284728    -0.026565265      -19.326897       1.0525645      0.80873507      0.29756181     -0.92783021       0.7023621       13.273225       22.753048       1461.4836       2.3795461        2.3795461       1474.8168                   22.753048             -9.4198747                  1461.4836
              1       747.90286       70.647641     0.022366371       3.3640565      0.12550523      0.68284728    -0.026565265      -19.345581       1.0525645      0.80873507      0.29756181     -0.92783021       0.7023621       13.273225       22.753048       1477.7134       2.3795461        2.3795461       1491.0466                   22.753048             -9.4198747                  1477.7134
              2       742.07849       70.647641     0.022366371       3.3640565      0.12550523      0.68284728    -0.026565265      -19.338836       1.0525645      0.80873507      0.29756181     -0.92783021       0.7023621       13.273225       22.753048       1466.0647       2.3795461        2.3795461       1479.3979                   22.753048             -9.4198747                  1466.0647
              2       741.56002       70.647641     0.022485269       3.3609499      0.12550523      0.68284728    -0.026565265      -19.338836       1.0523447      0.80818605      0.29780003     -0.92786964      0.70212391       13.270405        21.96035       1466.1211       2.3795461        2.3795461        1478.361                    21.96035             -9.7205397                  1466.1211
              1       740.69275       70.647641     0.022485269       3.3609499      0.12550523      0.68284728    -0.026565265      -19.322946       1.0523447      0.80818605      0.29780003     -0.92786964      0.70212391       13.270405        21.96035       1464.3866       2.3795461        2.3795461       1476.6264                    21.96035             -9.7205397                  1464.3866
              2       739.26614       70.647641     0.022485269       3.3609499      0.12550523      0.68284728    -0.026565265      -19.326675       1.0523447      0.80818605      0.29780003     -0.92786964      0.70212391       13.270405        21.96035       1461.5334       2.3795461        2.3795461       1473.7732                    21.96035             -9.7205397                  1461.5334
              5       739.00335       70.647641     0.022485269       3.3609499      0.12550523      0.68284728    -0.026565265      -19.332286       1.0523447      0.80818605      0.29780003     -0.92786964      0.70212391       13.270405        21.96035       1461.0078       2.3795461        2.3795461       1473.2476                    21.96035             -9.7205397                  1461.0078
              1       739.20413       70.647641     0.022485269       3.3609499      0.12550523      0.68284728    -0.026565265      -19.333329       1.0523447      0.80818605      0.29780003     -0.92786964      0.70212391       13.270405        21.96035       1461.4094       2.3795461        2.3795461       1473.6492                    21.96035             -9.7205397                  1461.4094
              1       738.84852       70.647641     0.022485269       3.3609499      0.12550523      0.68284728    -0.026565265      -19.329556       1.0523447      0.80818605      0.29780003     -0.92786964      0.70212391       13.270405        21.96035       1460.6981       2.3795461        2.3795461       1472.9379                    21.96035             -9.7205397                  1460.6981
              6       738.89913       70.647641     0.022485269       3.3609499      0.12550523      0.68284728    -0.026565265      -19.331451       1.0523447      0.80818605      0.29780003     -0.92786964      0.70212391       13.270405        21.96035       1460.7994       2.3795461        2.3795461       1473.0392                    21.96035             -9.7205397                  1460.7994
              3        739.4989       70.647641     0.022485269       3.3609499      0.12550523      0.68284728    -0.026565265      -19.334424       1.0523447      0.80818605      0.29780003     -0.92786964      0.70212391       13.270405        21.96035       1461.9989       2.3795461        2.3795461       1474.2387                    21.96035             -9.7205397                  1461.9989
              4       741.78417       70.647641     0.022485269       3.3609499      0.12550523      0.68284728    -0.026565265      -19.321076       1.0523447      0.80818605      0.29780003     -0.92786964      0.70212391       13.270405        21.96035       1466.5694       2.3795461        2.3795461       1478.8092                    21.96035             -9.7205397                  1466.5694
              1       740.77716       70.647641     0.022635493       3.5585506      0.12550523      0.68284728    -0.026565265      -19.321076        1.045204      0.79574139      0.29810101     -0.92791992       0.7018207        13.26671       14.889087       1466.4268       2.3795461        2.3795461       1476.7952                   14.889087             -4.5206837                  1466.4268
              2       740.55063       70.647641     0.022635493       3.5585506      0.12550523      0.68284728    -0.026565265      -19.321435        1.045204      0.79574139      0.29810101     -0.92791992       0.7018207        13.26671       14.889087       1465.9738       2.3795461        2.3795461       1476.3422                   14.889087             -4.5206837                  1465.9738
              3       736.72895       71.042594     0.022635493       3.5585506      0.12736803      0.62891704     0.013759629      -19.321435       1.0460149      0.81163089       0.2984866     -0.93890163      0.70143599       13.199936        14.08766       1459.1318       2.3795461        2.3795461       1468.6988                    14.08766             -4.5206837                  1459.1318
              4        736.2593       71.042594     0.022647063       3.4429381      0.12736803      0.62891704     0.013759629      -19.321435       1.0498748      0.81838643      0.29850953     -0.93890458      0.70141435       13.199741       16.586865       1459.1309       2.3795461        2.3795461       1467.7595                   16.586865             -7.9582235                  1459.1309
              3       735.89601       71.042594     0.022795445       3.4832849      0.12736803      0.62891704     0.013759629      -19.321435       1.0481009      0.81507327      0.29880353     -0.93894549       0.7011199       13.196232       14.958845       1459.1181       2.3795461        2.3795461       1467.0329                   14.958845             -7.0439838                  1459.1181
              2       736.58087       71.042594     0.022795445       3.4832849      0.12736803      0.62891704     0.013759629       -19.31473       1.0481009      0.81507327      0.29880353     -0.93894549       0.7011199       13.196232       14.958845       1460.4878       2.3795461        2.3795461       1468.4027                   14.958845             -7.0439838                  1460.4878
              3       736.79287       71.042594     0.022795445       3.4832849      0.12736803      0.62891704     0.013759629      -19.314148       1.0481009      0.81507327      0.29880353     -0.93894549       0.7011199       13.196232       14.958845       1460.9118       2.3795461        2.3795461       1468.8267                   14.958845             -7.0439838                  1460.9118
              1       737.74997       71.042594      0.02239717       3.3341825      0.12736803      0.62891704     0.013759629      -19.318901       1.0542792      0.82652442       0.2980144     -0.93883555      0.70191069       13.205687       21.915889       1458.9961       2.3795461        2.3795461       1470.7409                   21.915889              -10.17117                  1458.9961
              1       742.56906       71.038484      0.02239717       3.3341825      0.12894357      0.57500528     0.021406412      -19.308609       1.0560011      0.83058796      0.30117093      -0.9494181      0.69875414       13.185744       21.410634       1469.1396       2.3795461        2.3795461        1480.379                   21.410634              -10.17117                  1469.1396
              2       743.68091       71.038484      0.02239717       3.3341825      0.12894357      0.57500528     0.021406412      -19.307365       1.0560011      0.83058796      0.30117093      -0.9494181      0.69875414       13.185744       21.410634       1471.3633       2.3795461        2.3795461       1482.6027                   21.410634              -10.17117                  1471.3633
              3       741.37731       71.038484      0.02239717       3.3341825      0.12894357      0.57500528     0.021406412      -19.330741       1.0560011      0.83058796      0.30117093      -0.9494181      0.69875414       13.185744       21.410634       1466.7561       2.3795461        2.3795461       1477.9955                   21.410634              -10.17117                  1466.7561
              2       738.15332       71.038484      0.02239717       3.3341825      0.12894357      0.57500528     0.021406412      -19.316331       1.0560011      0.83058796      0.30117093      -0.9494181      0.69875414       13.185744       21.410634       1460.3081       2.3795461        2.3795461       1471.5475                   21.410634              -10.17117                  1460.3081
              2        737.5655       71.038484      0.02239717       3.3341825      0.12894357      0.57500528     0.021406412      -19.319794       1.0560011      0.83058796      0.30117093      -0.9494181      0.69875414       13.185744       21.410634       1459.1324       2.3795461        2.3795461       1470.3719                   21.410634              -10.17117                  1459.1324
              4       737.55131       71.038484      0.02239717       3.3341825      0.12894357      0.57500528     0.021406412      -19.320471       1.0560011      0.83058796      0.30117093      -0.9494181      0.69875414       13.185744       21.410634       1459.1041       2.3795461        2.3795461       1470.3435                   21.410634              -10.17117                  1459.1041
              1       736.02675       71.142714      0.02239717       3.3341825      0.13174235       0.4454727     0.015942302      -19.321213       1.0571592      0.84675382      0.30581855      -0.9700573      0.69410641       13.137559       18.014048       1459.4515       2.3795461        2.3795461       1467.2944                   18.014048              -10.17117                  1459.4515
              1       739.29941       71.142714      0.02239717       3.3341825      0.13174235       0.4454727     0.015942302      -19.328617       1.0571592      0.84675382      0.30581855      -0.9700573      0.69410641       13.137559       18.014048       1465.9969       2.3795461        2.3795461       1473.8397                   18.014048              -10.17117                  1465.9969
              2       737.55789       71.142714      0.02239717       3.3341825      0.13174235       0.4454727     0.015942302      -19.325736       1.0571592      0.84675382      0.30581855      -0.9700573      0.69410641       13.137559       18.014048       1462.5138       2.3795461        2.3795461       1470.3567                   18.014048              -10.17117                  1462.5138
              5       736.01051       71.142714      0.02239717       3.3341825      0.13174235       0.4454727     0.015942302      -19.316413       1.0571592      0.84675382      0.30581855      -0.9700573      0.69410641       13.137559       18.014048        1459.419       2.3795461        2.3795461       1467.2619                   18.014048              -10.17117                   1459.419
              4        735.8184       71.142714      0.02239717       3.3341825      0.13174235       0.4454727     0.015942302      -19.318326       1.0571592      0.84675382      0.30581855      -0.9700573      0.69410641       13.137559       18.014048       1459.0348       2.3795461        2.3795461       1466.8777                   18.014048              -10.17117                  1459.0348
              1       736.26199       71.142714      0.02239717       3.3341825      0.13174235       0.4454727     0.015942302      -19.322306       1.0571592      0.84675382      0.30581855      -0.9700573      0.69410641       13.137559       18.014048        1459.922       2.3795461        2.3795461       1467.7649                   18.014048              -10.17117                   1459.922
              2       736.36599       71.142714      0.02239717       3.3341825      0.13174235       0.4454727     0.015942302      -19.322694       1.0571592      0.84675382      0.30581855      -0.9700573      0.69410641       13.137559       18.014048         1460.13       2.3795461        2.3795461       1467.9729                   18.014048              -10.17117                    1460.13
              2       736.22609       71.142714      0.02239717       3.3341825      0.13174235       0.4454727     0.015942302      -19.315369       1.0571592      0.84675382      0.30581855      -0.9700573      0.69410641       13.137559       18.014048       1459.8502       2.3795461        2.3795461       1467.6931                   18.014048              -10.17117                  1459.8502
              3       735.84363       71.142714      0.02239717       3.3341825      0.13174235       0.4454727     0.015942302       -19.31782       1.0571592      0.84675382      0.30581855      -0.9700573      0.69410641       13.137559       18.014048       1459.0853       2.3795461        2.3795461       1466.9282                   18.014048              -10.17117                  1459.0853
              2       735.86618       71.142714      0.02239717       3.3341825      0.13174235       0.4454727     0.015942302          -19.32       1.0571592      0.84675382      0.30581855      -0.9700573      0.69410641       13.137559       18.014048       1459.1304       2.3795461        2.3795461       1466.9733                   18.014048              -10.17117                  1459.1304
              4       735.85561       71.142714      0.02239717       3.3341825      0.13174235       0.4454727     0.015942302      -19.319874       1.0571592      0.84675382      0.30581855      -0.9700573      0.69410641       13.137559       18.014048       1459.1092       2.3795461        2.3795461       1466.9521                   18.014048              -10.17117                  1459.1092
              1       735.67639       71.142714     0.022543375       3.2825218      0.13174235       0.4454727     0.015942302      -19.319874       1.0585161      0.84907114      0.30610742     -0.97007703      0.69381812       13.134183       18.832692       1459.0831       2.3795461        2.3795461       1466.5937                   18.832692             -11.322126                  1459.0831
              1       735.70821       71.142714     0.022543375       3.2825218      0.13174235       0.4454727     0.015942302        -19.3202       1.0585161      0.84907114      0.30610742     -0.97007703      0.69381812       13.134183       18.832692       1459.1468       2.3795461        2.3795461       1466.6573                   18.832692             -11.322126                  1459.1468
              1       736.63839       71.142714     0.022543375       3.2825218      0.13174235       0.4454727     0.015942302      -19.313368       1.0585161      0.84907114      0.30610742     -0.97007703      0.69381812       13.134183       18.832692       1461.0071       2.3795461        2.3795461       1468.5177                   18.832692             -11.322126                  1461.0071
              2       736.51655       71.205697     0.022587606       3.4077011      0.13125468      0.45634748     0.025732871      -19.313368       1.0552103      0.83382133      0.30469159     -0.96862341      0.69523274       13.140828       17.267177        1459.773       2.3795461        2.3795461        1468.274                   17.267177             -8.7661788                   1459.773
              1       736.62749       71.205697     0.022587606       3.4077011      0.13125468      0.45634748     0.025732871      -19.312971       1.0552103      0.83382133      0.30469159     -0.96862341      0.69523274       13.140828       17.267177       1459.9949       2.3795461        2.3795461       1468.4959                   17.267177             -8.7661788                  1459.9949
              4       737.13998       71.205697     0.022587606       3.4077011      0.13125468      0.45634748     0.025732871      -19.322606       1.0552103      0.83382133      0.30469159     -0.96862341      0.69523274       13.140828       17.267177       1461.0199       2.3795461        2.3795461       1469.5209                   17.267177             -8.7661788                  1461.0199
              1       736.25474       71.205697     0.022587606       3.4077011      0.13125468      0.45634748     0.025732871       -19.31955       1.0552103      0.83382133      0.30469159     -0.96862341      0.69523274       13.140828       17.267177       1459.2494       2.3795461        2.3795461       1467.7504                   17.267177             -8.7661788                  1459.2494
              2       737.27615       71.205697     0.022587606       3.4077011      0.13125468      0.45634748     0.025732871      -19.322937       1.0552103      0.83382133      0.30469159     -0.96862341      0.69523274       13.140828       17.267177       1461.2922       2.3795461        2.3795461       1469.7932                   17.267177             -8.7661788                  1461.2922
              2       736.08857       71.205697     0.022587606       3.4077011      0.13125468      0.45634748     0.025732871       -19.31577       1.0552103      0.83382133      0.30469159     -0.96862341      0.69523274       13.140828       17.267177        1458.917       2.3795461        2.3795461        1467.418                   17.267177             -8.7661788                   1458.917
              1       739.05463       71.205697     0.022587606       3.4077011      0.13125468      0.45634748     0.025732871      -19.307875       1.0552103      0.83382133      0.30469159     -0.96862341      0.69523274       13.140828       17.267177       1464.8492       2.3795461        2.3795461       1473.3502                   17.267177             -8.7661788                  1464.8492
              2       736.15041       71.331244     0.022587606       3.4077011       0.1405159      0.50272285   -0.0060875666      -19.313067       1.0623946      0.87820924      0.32182173     -0.96308406      0.67810304        12.90766       17.319481       1458.9884       2.3795461        2.3795461       1467.5417                   17.319481             -8.7661788                  1458.9884
              3       737.27838       71.331244     0.022587606       3.4077011       0.1405159      0.50272285   -0.0060875666      -19.299018       1.0623946      0.87820924      0.32182173     -0.96308406      0.67810304        12.90766       17.319481       1461.2444       2.3795461        2.3795461       1469.7977                   17.319481             -8.7661788                  1461.2444
              3       735.06684       71.331244     0.022587606       3.4077011       0.1405159      0.50272285   -0.0060875666      -19.309341       1.0623946      0.87820924      0.32182173     -0.96308406      0.67810304        12.90766       17.319481       1456.8213       2.3795461        2.3795461       1465.3746                   17.319481             -8.7661788                  1456.8213
              2       736.54836       71.331244     0.022247636        3.495588       0.1405159      0.50272285   -0.0060875666      -19.309341       1.0604484      0.87476539      0.32115357     -0.96302792      0.67877023       12.915011       16.759433       1456.7811       2.3795461        2.3795461       1468.3376                   16.759433             -5.2028654                  1456.7811
              3       736.44949       71.331244     0.022247636        3.495588       0.1405159      0.50272285   -0.0060875666      -19.308445       1.0604484      0.87476539      0.32115357     -0.96302792      0.67877023       12.915011       16.759433       1456.5833       2.3795461        2.3795461       1468.1399                   16.759433             -5.2028654                  1456.5833
              1       736.41145       71.331244     0.022247636        3.495588       0.1405159      0.50272285   -0.0060875666      -19.307713       1.0604484      0.87476539      0.32115357     -0.96302792      0.67877023       12.915011       16.759433       1456.5072       2.3795461        2.3795461       1468.0638                   16.759433             -5.2028654                  1456.5072
              4        736.8094       71.331244     0.022046661        3.366423       0.1405159      0.50272285   -0.0060875666      -19.307713       1.0653319      0.88435278      0.32075858     -0.96299448      0.67916664       12.919473       20.588508       1456.5147       2.3795461        2.3795461       1468.8597                   20.588508             -8.2435131                  1456.5147
              1       739.30065       71.331244     0.021859998       3.1941485       0.1405159      0.50272285   -0.0060875666      -19.307713       1.0717202      0.89701602      0.32039172     -0.96296333       0.6795354       12.923654       28.816822       1456.5243       2.3795461        2.3795461       1473.8422                   28.816822             -11.498886                  1456.5243
              2       739.83291       71.331244     0.021859998       3.1941485       0.1405159      0.50272285   -0.0060875666      -19.311435       1.0717202      0.89701602      0.32039172     -0.96296333       0.6795354       12.923654       28.816822       1457.5888       2.3795461        2.3795461       1474.9067                   28.816822             -11.498886                  1457.5888
              3       740.17872       71.104562     0.021859998       3.1941485      0.14852372      0.52057013     0.010483535      -19.307965       1.0781182      0.92556555      0.33827655     -0.96189037      0.66165015       12.768738       29.219423       1457.8778       2.3795461        2.3795461       1475.5983                   29.219423             -11.498886                  1457.8778
              2       739.85693       71.104562     0.021782613        3.368723      0.14852372      0.52057013     0.010483535      -19.307965       1.0724786      0.91413198      0.33812349     -0.96187716      0.66180127       12.770245       23.789344       1457.8732       2.3795461        2.3795461       1474.9548                   23.789344             -6.7078174                  1457.8732
              4       740.46237       71.104562     0.021782613        3.368723      0.14852372      0.52057013     0.010483535      -19.304625       1.0724786      0.91413198      0.33812349     -0.96187716      0.66180127       12.770245       23.789344       1459.0841       2.3795461        2.3795461       1476.1656                   23.789344             -6.7078174                  1459.0841
              3       740.06036       71.104562     0.021961339       3.3520372      0.14852372      0.52057013     0.010483535      -19.314361       1.0725112      0.91409193      0.33847699     -0.96190814      0.66144796       12.766546       23.455578       1460.1382       2.3795461        2.3795461       1475.3616                   23.455578              -8.232172                  1460.1382
