#        weight    minuslogpost              H0         omega_b            Neff       omega_cdm      lambda_qtm       delta_qtm              Mb     theta_s_100          sigma8         Omega_m           w_qtm       Omega_qtm             age       chi2__BAO        chi2__SN   minuslogprior minuslogprior__0            chi2 chi2__bao.desi_2024_bao_all chi2__gaussian_mixture chi2__sn.pantheonplusshoes
              1        1758.069       66.165412     0.021967701       2.8255306      0.13044973      0.40335614       0.0411092      -19.294866       1.0641518       0.8444327       0.3496263     -0.97850645      0.65029381       13.628883       23.669635       3501.9989       2.3795461        2.3795461       3511.3789                   23.669635              -14.28961                  3501.9989
              1       1691.5232       66.165412     0.021967701       2.8255306      0.13044973      0.40335614       0.0411092      -19.300523       1.0641518       0.8444327       0.3496263     -0.97850645      0.65029381       13.628883       23.669635       3368.9073       2.3795461        2.3795461       3378.2873                   23.669635              -14.28961                  3368.9073
              1        1215.805        67.08003     0.021967701       2.8255306      0.12457129      0.58164556     0.074733617      -19.324189       1.0744132      0.77417234      0.32709325       -0.953145      0.67282907       13.699411       50.876423        2390.264       2.3795461        2.3795461       2426.8509                   50.876423              -14.28961                   2390.264
              1       1144.2349        67.08003     0.021967701       2.8255306      0.12457129      0.58164556     0.074733617        -19.3335       1.0744132      0.77417234      0.32709325       -0.953145      0.67282907       13.699411       50.876423       2247.1239       2.3795461        2.3795461       2283.7107                   50.876423              -14.28961                  2247.1239
              1       773.16008        67.08003     0.021967701       2.8255306      0.12457129      0.58164556     0.074733617      -19.424128       1.0744132      0.77417234      0.32709325       -0.953145      0.67282907       13.699411       50.876423       1504.9742       2.3795461        2.3795461       1541.5611                   50.876423              -14.28961                  1504.9742
              1       771.03512        67.08003     0.021967701       2.8255306      0.12457129      0.58164556     0.074733617      -19.427028       1.0744132      0.77417234      0.32709325       -0.953145      0.67282907       13.699411       50.876423       1500.7243       2.3795461        2.3795461       1537.3112                   50.876423              -14.28961                  1500.7243
              1       769.25886        67.08003     0.021967701       2.8255306      0.12457129      0.58164556     0.074733617      -19.440965       1.0744132      0.77417234      0.32709325       -0.953145      0.67282907       13.699411       50.876423       1497.1718       2.3795461        2.3795461       1533.7586                   50.876423              -14.28961                  1497.1718
              4       768.42675        67.08003     0.021967701       2.8255306      0.12457129      0.58164556     0.074733617      -19.433809       1.0744132      0.77417234      0.32709325       -0.953145      0.67282907       13.699411       50.876423       1495.5076       2.3795461        2.3795461       1532.0944                   50.876423              -14.28961                  1495.5076
              1       756.26387        67.08003     0.022225602       3.2147274      0.12457129      0.58164556     0.074733617      -19.439782       1.0593101      0.75010076       0.3276664      -0.9532173      0.67225106       13.692562       23.472403       1496.4583       2.3795461        2.3795461       1507.7686                   23.472403             -12.162075                  1496.4583
              1       756.85772        67.08003     0.022225602       3.2147274      0.12457129      0.58164556     0.074733617      -19.429774       1.0593101      0.75010076       0.3276664      -0.9532173      0.67225106       13.692562       23.472403        1497.646       2.3795461        2.3795461       1508.9563                   23.472403             -12.162075                   1497.646
              1       755.64697        67.08003     0.022225602       3.2147274      0.12457129      0.58164556     0.074733617      -19.435058       1.0593101      0.75010076       0.3276664      -0.9532173      0.67225106       13.692562       23.472403       1495.2245       2.3795461        2.3795461       1506.5348                   23.472403             -12.162075                  1495.2245
              2       753.89526        67.08003     0.022572003       3.2994928      0.12457129      0.58164556     0.074733617      -19.435058       1.0553923      0.74346351      0.32843623     -0.95331361      0.67148018       13.683709       18.887562       1495.1761       2.3795461        2.3795461       1503.0314                   18.887562             -11.032278                  1495.1761
              2        753.9105        67.08003     0.022572003       3.2994928      0.12457129      0.58164556     0.074733617      -19.434655       1.0553923      0.74346351      0.32843623     -0.95331361      0.67148018       13.683709       18.887562       1495.2066       2.3795461        2.3795461       1503.0619                   18.887562             -11.032278                  1495.2066
              2       753.89199        67.08003     0.022572003       3.2994928      0.12457129      0.58164556     0.074733617      -19.435263       1.0553923      0.74346351      0.32843623     -0.95331361      0.67148018       13.683709       18.887562       1495.1696       2.3795461        2.3795461       1503.0249                   18.887562             -11.032278                  1495.1696
              2       753.55195        67.08003     0.022811731       3.3855734      0.12457129      0.58164556     0.074733617      -19.435263       1.0517309      0.73748443      0.32896899     -0.95338025      0.67094634       13.677575       16.545936       1495.1465       2.3795461        2.3795461       1502.3448                   16.545936              -9.347672                  1495.1465
              3       753.60988        67.08003     0.022811731       3.3855734      0.12457129      0.58164556     0.074733617        -19.4365       1.0517309      0.73748443      0.32896899     -0.95338025      0.67094634       13.677575       16.545936       1495.2624       2.3795461        2.3795461       1502.4607                   16.545936              -9.347672                  1495.2624
              1       753.89281        67.08003     0.022811731       3.3855734      0.12457129      0.58164556     0.074733617       -19.43831       1.0517309      0.73748443      0.32896899     -0.95338025      0.67094634       13.677575       16.545936       1495.8283       2.3795461        2.3795461       1503.0265                   16.545936              -9.347672                  1495.8283
              1       754.12437        67.08003     0.022625923        3.435433      0.12457129      0.58164556     0.074733617      -19.433604       1.0504286      0.73588245      0.32855606      -0.9533288      0.67135865       13.682242        16.23152       1495.3819       2.3795461        2.3795461       1503.4897                    16.23152             -8.1238001                  1495.3819
              2        754.2132        67.08003     0.022625923        3.435433      0.12457129      0.58164556     0.074733617      -19.437695       1.0504286      0.73588245      0.32855606      -0.9533288      0.67135865       13.682242        16.23152       1495.5596       2.3795461        2.3795461       1503.6673                    16.23152             -8.1238001                  1495.5596
              2       754.46185        67.08003     0.022625923        3.435433      0.12457129      0.58164556     0.074733617      -19.431822       1.0504286      0.73588245      0.32855606      -0.9533288      0.67135865       13.682242        16.23152       1496.0569       2.3795461        2.3795461       1504.1646                    16.23152             -8.1238001                  1496.0569
              1        754.0266        67.08003     0.022625923        3.435433      0.12457129      0.58164556     0.074733617      -19.434782       1.0504286      0.73588245      0.32855606      -0.9533288      0.67135865       13.682242        16.23152       1495.1864       2.3795461        2.3795461       1503.2941                    16.23152             -8.1238001                  1495.1864
              1       756.61001        67.08003     0.022625923        3.435433      0.12457129      0.58164556     0.074733617      -19.426851       1.0504286      0.73588245      0.32855606      -0.9533288      0.67135865       13.682242        16.23152       1500.3532       2.3795461        2.3795461       1508.4609                    16.23152             -8.1238001                  1500.3532
              1       754.75708        67.08003     0.022625923        3.435433      0.12457129      0.58164556     0.074733617      -19.439891       1.0504286      0.73588245      0.32855606      -0.9533288      0.67135865       13.682242        16.23152       1496.6474       2.3795461        2.3795461       1504.7551                    16.23152             -8.1238001                  1496.6474
              1        754.0288        67.08003     0.022625923        3.435433      0.12457129      0.58164556     0.074733617      -19.434731       1.0504286      0.73588245      0.32855606      -0.9533288      0.67135865       13.682242        16.23152       1495.1908       2.3795461        2.3795461       1503.2985                    16.23152             -8.1238001                  1495.1908
              1       754.03246        67.08003     0.022625923        3.435433      0.12457129      0.58164556     0.074733617      -19.436043       1.0504286      0.73588245      0.32855606      -0.9533288      0.67135865       13.682242        16.23152       1495.1981       2.3795461        2.3795461       1503.3058                    16.23152             -8.1238001                  1495.1981
              1        753.5778        67.08003     0.022981605       3.2718659      0.12457129      0.58164556     0.074733617      -19.435049       1.0553611      0.74263868      0.32934651     -0.95342716      0.67057024       13.673363       18.121812       1495.1322       2.3795461        2.3795461       1502.3965                   18.121812             -10.857507                  1495.1322
              1       753.64087        67.08003     0.022981605       3.2718659      0.12457129      0.58164556     0.074733617      -19.433796       1.0553611      0.74263868      0.32934651     -0.95342716      0.67057024       13.673363       18.121812       1495.2583       2.3795461        2.3795461       1502.5226                   18.121812             -10.857507                  1495.2583
             11       753.51677        67.08003     0.023023818       3.3636597      0.12457129      0.58164556     0.074733617      -19.433796       1.0519815      0.73746261      0.32944032     -0.95343901      0.67047528       13.672229       16.483354       1495.2496       2.3795461        2.3795461       1502.2744                   16.483354             -9.4585155                  1495.2496
              1       757.39491        67.08003     0.023023818       3.3636597      0.12457129      0.58164556     0.074733617      -19.445564       1.0519815      0.73746261      0.32944032     -0.95343901      0.67047528       13.672229       16.483354       1503.0059       2.3795461        2.3795461       1510.0307                   16.483354             -9.4585155                  1503.0059
              3       753.89194        67.08003     0.023023818       3.3636597      0.12457129      0.58164556     0.074733617      -19.438578       1.0519815      0.73746261      0.32944032     -0.95343901      0.67047528       13.672229       16.483354            1496       2.3795461        2.3795461       1503.0248                   16.483354             -9.4585155                       1496
              1       754.00338        67.08003     0.023015238       3.3946082      0.12457129      0.58164556     0.074733617      -19.438578       1.0509069      0.73586665      0.32942125     -0.95343668      0.67049396       13.672423       16.178929        1495.998       2.3795461        2.3795461       1503.2477                   16.178929              -8.929279                   1495.998
              1       753.57231        67.08003     0.023015238       3.3946082      0.12457129      0.58164556     0.074733617      -19.435412       1.0509069      0.73586665      0.32942125     -0.95343668      0.67049396       13.672423       16.178929       1495.1359       2.3795461        2.3795461       1502.3855                   16.178929              -8.929279                  1495.1359
              1       753.57663        67.08003     0.023015238       3.3946082      0.12457129      0.58164556     0.074733617      -19.435567       1.0509069      0.73586665      0.32942125     -0.95343668      0.67049396       13.672423       16.178929       1495.1445       2.3795461        2.3795461       1502.3942                   16.178929              -8.929279                  1495.1445
              5       753.46665        67.08003     0.022927492       3.3702833      0.12457129      0.58164556     0.074733617      -19.435567       1.0519857      0.73764954      0.32922625     -0.95341232      0.67068927       13.674659       16.550553       1495.1485       2.3795461        2.3795461       1502.1742                   16.550553             -9.5247959                  1495.1485
              1       753.53152        67.08003     0.022786092       3.3115439      0.12457129      0.58164556     0.074733617      -19.435567       1.0544282      0.74159671      0.32891201     -0.95337302      0.67100424       13.678278       17.868898       1495.1562       2.3795461        2.3795461       1502.3039                   17.868898              -10.72111                  1495.1562
              1       753.88688        67.08003     0.022786092       3.3115439      0.12457129      0.58164556     0.074733617      -19.432086       1.0544282      0.74159671      0.32891201     -0.95337302      0.67100424       13.678278       17.868898       1495.8669       2.3795461        2.3795461       1503.0147                   17.868898              -10.72111                  1495.8669
              1       753.61599        67.08003     0.022786092       3.3115439      0.12457129      0.58164556     0.074733617      -19.433681       1.0544282      0.74159671      0.32891201     -0.95337302      0.67100424       13.678278       17.868898       1495.3251       2.3795461        2.3795461       1502.4729                   17.868898              -10.72111                  1495.3251
              1       754.56844        67.08003     0.022786092       3.3115439      0.12457129      0.58164556     0.074733617      -19.440627       1.0544282      0.74159671      0.32891201     -0.95337302      0.67100424       13.678278       17.868898         1497.23       2.3795461        2.3795461       1504.3778                   17.868898              -10.72111                    1497.23
              3       754.04416       67.017913     0.022786092       3.3115439      0.12344943      0.65456444     0.053479298      -19.440627       1.0458635      0.76715872      0.32702423     -0.93890864      0.67289187       13.669235       16.610939       1497.4394       2.3795461        2.3795461       1503.3292                   16.610939              -10.72111                  1497.4394
              1       753.23465       67.017913     0.022786092       3.3115439      0.12344943      0.65456444     0.053479298      -19.437055       1.0458635      0.76715872      0.32702423     -0.93890864      0.67289187       13.669235       16.610939       1495.8204       2.3795461        2.3795461       1501.7102                   16.610939              -10.72111                  1495.8204
              1       753.77798       67.017913     0.022786092       3.3115439      0.12344943      0.65456444     0.053479298       -19.43981       1.0458635      0.76715872      0.32702423     -0.93890864      0.67289187       13.669235       16.610939        1496.907       2.3795461        2.3795461       1502.7969                   16.610939              -10.72111                   1496.907
              5       753.60468       67.017913     0.022786092       3.3115439      0.12344943      0.65456444     0.053479298      -19.439176       1.0458635      0.76715872      0.32702423     -0.93890864      0.67289187       13.669235       16.610939       1496.5604       2.3795461        2.3795461       1502.4503                   16.610939              -10.72111                  1496.5604
              1       753.31864       67.017913     0.022786092       3.3115439      0.12344943      0.65456444     0.053479298      -19.437739       1.0458635      0.76715872      0.32702423     -0.93890864      0.67289187       13.669235       16.610939       1495.9884       2.3795461        2.3795461       1501.8782                   16.610939              -10.72111                  1495.9884
              2       753.07123       67.059274     0.022786092       3.3115439      0.12468166      0.62950212     0.060093413      -19.437739       1.0492165      0.76376187      0.32936109     -0.94423373      0.67055512       13.647689       16.147308       1495.9572       2.3795461        2.3795461       1501.3834                   16.147308              -10.72111                  1495.9572
              1       754.23696       66.994294     0.022744821       3.4080581      0.12515852      0.64081421     0.065988876      -19.437739       1.0485026      0.75170163      0.33097082     -0.94264483      0.66894402        13.64682       16.304101       1496.2859       2.3795461        2.3795461       1503.7148                   16.304101             -8.8751924                  1496.2859
              1       755.32807       66.994294     0.022744821       3.4080581      0.12515852      0.64081421     0.065988876      -19.441673       1.0485026      0.75170163      0.33097082     -0.94264483      0.66894402        13.64682       16.304101       1498.4681       2.3795461        2.3795461        1505.897                   16.304101             -8.8751924                  1498.4681
              1       754.59432       66.994294     0.022744821       3.4080581      0.12515852      0.64081421     0.065988876      -19.439525       1.0485026      0.75170163      0.33097082     -0.94264483      0.66894402        13.64682       16.304101       1497.0006       2.3795461        2.3795461       1504.4296                   16.304101             -8.8751924                  1497.0006
              1       754.96046       66.994294     0.022578116       3.4370236      0.12515852      0.64081421     0.065988876      -19.439525       1.0479138      0.75108382       0.3305994     -0.94259081      0.66931508       13.650973       16.221246       1496.9506       2.3795461        2.3795461       1505.1618                   16.221246             -8.0099825                  1496.9506
              1        753.9177       66.994294     0.022530133       3.1608675      0.12515852      0.64081421     0.065988876      -19.439525       1.0578224      0.76670659      0.33049249     -0.94257466      0.66942545       13.652376       19.087139       1496.9358       2.3795461        2.3795461       1503.0763                   19.087139             -12.946597                  1496.9358
              8       751.62193        67.38363     0.022530133       3.1608675       0.1200942      0.41610005     0.045515005      -19.439525       1.0450823      0.77681019      0.31553084     -0.97514939      0.68438799       13.773263       14.608044       1496.8233       2.3795461        2.3795461       1498.4848                   14.608044             -12.946597                  1496.8233
              3       751.18557        67.38363     0.022530133       3.1608675       0.1200942      0.41610005     0.045515005      -19.426379       1.0450823      0.77681019      0.31553084     -0.97514939      0.68438799       13.773263       14.608044       1495.9506       2.3795461        2.3795461       1497.6121                   14.608044             -12.946597                  1495.9506
              3       750.68271        67.38363      0.02225337       3.0143218       0.1200942      0.41610005     0.045515005      -19.426379       1.0510606      0.78722477       0.3149213     -0.97511091      0.68499934       13.780742       14.568272       1496.2114       2.3795461        2.3795461       1496.6063                   14.568272             -14.173301                  1496.2114
              2       750.84116        67.38363     0.022365569       3.1318517       0.1200942      0.41610005     0.045515005      -19.426379        1.046543      0.77952328      0.31516841     -0.97512657      0.68475078       13.777665       14.156154       1496.1043       2.3795461        2.3795461       1496.9232                   14.156154             -13.337214                  1496.1043
              2        750.9421        67.38363     0.022365569       3.1318517       0.1200942      0.41610005     0.045515005      -19.439044        1.046543      0.77952328      0.31516841     -0.97512657      0.68475078       13.777665       14.156154       1496.3062       2.3795461        2.3795461       1497.1251                   14.156154             -13.337214                  1496.3062
              3       749.45734        67.38363     0.022365569       3.1318517       0.1200942      0.41610005     0.045515005       -19.43214        1.046543      0.77952328      0.31516841     -0.97512657      0.68475078       13.777665       14.156154       1493.3367       2.3795461        2.3795461       1494.1556                   14.156154             -13.337214                  1493.3367
              1       749.83049        67.38363     0.022365569       3.1318517       0.1200942      0.41610005     0.045515005      -19.435855        1.046543      0.77952328      0.31516841     -0.97512657      0.68475078       13.777665       14.156154       1494.0829       2.3795461        2.3795461       1494.9019                   14.156154             -13.337214                  1494.0829
              3       749.66932        67.38363     0.022365569       3.1318517       0.1200942      0.41610005     0.045515005      -19.435072        1.046543      0.77952328      0.31516841     -0.97512657      0.68475078       13.777665       14.156154       1493.7606       2.3795461        2.3795461       1494.5795                   14.156154             -13.337214                  1493.7606
              2       749.86734       67.406979     0.022365569       3.1318517      0.12017631       0.3710513     0.055621457      -19.435072       1.0494134      0.76833555      0.31513082     -0.98078045      0.68478843       13.790161       14.472975       1493.8398       2.3795461        2.3795461       1494.9756                   14.472975             -13.337214                  1493.8398
              2       751.74925       67.406979     0.022365569       3.1318517      0.12017631       0.3710513     0.055621457      -19.425091       1.0494134      0.76833555      0.31513082     -0.98078045      0.68478843       13.790161       14.472975       1497.6037       2.3795461        2.3795461       1498.7394                   14.472975             -13.337214                  1497.6037
              2       752.19396       68.125935     0.022365569       3.1318517      0.12017316      0.44913243     0.035981035      -19.425091       1.0468413       0.7906335      0.30850749     -0.97011006      0.69141318       13.695034       13.343656       1499.6224       2.3795461        2.3795461       1499.6288                   13.343656             -13.337214                  1499.6224
              2       744.66005       68.125935     0.022365569       3.1318517      0.12017316      0.44913243     0.035981035      -19.411957       1.0468413       0.7906335      0.30850749     -0.97011006      0.69141318       13.695034       13.343656       1484.5546       2.3795461        2.3795461        1484.561                   13.343656             -13.337214                  1484.5546
              2       744.63105       68.125935     0.022365569       3.1318517      0.12017316      0.44913243     0.035981035      -19.409456       1.0468413       0.7906335      0.30850749     -0.97011006      0.69141318       13.695034       13.343656       1484.4966       2.3795461        2.3795461        1484.503                   13.343656             -13.337214                  1484.4966
              1       744.76058       68.125935     0.022658922       3.1358789      0.12017316      0.44913243     0.035981035      -19.409456       1.0459222      0.78855833      0.30913956     -0.97015529      0.69078106       13.687324       13.332338       1484.3611       2.3795461        2.3795461       1484.7621                   13.332338             -12.931379                  1484.3611
              2       746.06062       68.125935     0.022657061       3.2714609      0.12017316      0.44913243     0.035981035      -19.409456       1.0411583      0.78061024      0.30913555     -0.97015515      0.69078343       13.687274       14.469503       1484.3614       2.3795461        2.3795461       1487.3621                   14.469503             -11.468746                  1484.3614
              2       745.07275       68.210524     0.022657061       3.2714609      0.11936085      0.57583221     0.030193106      -19.409456       1.0405435      0.78028821       0.3066237      -0.9500511      0.69329577       13.669461       13.489554       1483.3656       2.3795461        2.3795461       1485.3864                   13.489554             -11.468746                  1483.3656
              1       745.17631       68.210524     0.022657061       3.2714609      0.11936085      0.57583221     0.030193106      -19.409816       1.0405435      0.78028821       0.3066237      -0.9500511      0.69329577       13.669461       13.489554       1483.5727       2.3795461        2.3795461       1485.5935                   13.489554             -11.468746                  1483.5727
              2       744.59949       68.210524     0.022857561        3.166422      0.11936085      0.57583221     0.030193106      -19.409816        1.043693       0.7851959      0.30705464     -0.95010085      0.69286611       13.664333       13.029704       1483.5897       2.3795461        2.3795461       1484.4399                   13.029704             -12.179543                  1483.5897
              1       744.32839       68.210524     0.022857561        3.166422      0.11936085      0.57583221     0.030193106      -19.402195        1.043693       0.7851959      0.30705464     -0.95010085      0.69286611       13.664333       13.029704       1483.0475       2.3795461        2.3795461       1483.8977                   13.029704             -12.179543                  1483.0475
              1       744.66646       68.210524     0.022857561        3.166422      0.11936085      0.57583221     0.030193106      -19.410027        1.043693       0.7851959      0.30705464     -0.95010085      0.69286611       13.664333       13.029704       1483.7237       2.3795461        2.3795461       1484.5738                   13.029704             -12.179543                  1483.7237
              2       745.20704       68.231805     0.022857561        3.166422      0.11986249      0.59056643     0.017946654      -19.410027       1.0426557      0.79425619      0.30794065     -0.94738737      0.69198016       13.640263       13.651948       1484.1826       2.3795461        2.3795461        1485.655                   13.651948             -12.179543                  1484.1826
              1         744.457       68.231805     0.022857561        3.166422      0.11986249      0.59056643     0.017946654      -19.400475       1.0426557      0.79425619      0.30794065     -0.94738737      0.69198016       13.640263       13.651948       1482.6825       2.3795461        2.3795461       1484.1549                   13.651948             -12.179543                  1482.6825
              2       744.02309       68.231805     0.022857561        3.166422      0.11986249      0.59056643     0.017946654      -19.405383       1.0426557      0.79425619      0.30794065     -0.94738737      0.69198016       13.640263       13.651948       1481.8147       2.3795461        2.3795461       1483.2871                   13.651948             -12.179543                  1481.8147
              1       743.99745       68.231805     0.022857561        3.166422      0.11986249      0.59056643     0.017946654      -19.405046       1.0426557      0.79425619      0.30794065     -0.94738737      0.69198016       13.640263       13.651948       1481.7634       2.3795461        2.3795461       1483.2358                   13.651948             -12.179543                  1481.7634
              3       744.06343       68.231805     0.022749343        2.935045      0.11986249      0.59056643     0.017946654      -19.405046       1.0511762      0.80913443       0.3077082     -0.94735895       0.6922154       13.643221       14.135049       1481.7846       2.3795461        2.3795461       1483.3678                   14.135049             -12.551927                  1481.7846
              2       744.71852       68.231805      0.02283806       2.8935507      0.11986249      0.59056643     0.017946654      -19.405046       1.0524322      0.81118124      0.30789876     -0.94738181      0.69202533       13.640963       14.589692       1481.7676       2.3795461        2.3795461        1484.678                   14.589692             -11.679287                  1481.7676
              1       744.71119       68.231805      0.02283806       2.8935507      0.11986249      0.59056643     0.017946654      -19.403425       1.0524322      0.81118124      0.30789876     -0.94738181      0.69202533       13.640963       14.589692       1481.7529       2.3795461        2.3795461       1484.6633                   14.589692             -11.679287                  1481.7529
              1       744.01371       68.231805     0.023033632       3.0423745      0.11986249      0.59056643     0.017946654      -19.403425        1.046557      0.80065507      0.30831884     -0.94743262      0.69160346       13.635815       13.110645       1481.6886       2.3795461        2.3795461       1483.2683                   13.110645             -11.530916                  1481.6886
              3       744.01539       68.231805     0.023033632       3.0423745      0.11986249      0.59056643     0.017946654      -19.404711        1.046557      0.80065507      0.30831884     -0.94743262      0.69160346       13.635815       13.110645        1481.692       2.3795461        2.3795461       1483.2717                   13.110645             -11.530916                   1481.692
              4       744.16817       68.231805     0.023033632       3.0423745      0.11986249      0.59056643     0.017946654      -19.401885        1.046557      0.80065507      0.30831884     -0.94743262      0.69160346       13.635815       13.110645       1481.9975       2.3795461        2.3795461       1483.5772                   13.110645             -11.530916                  1481.9975
              3       744.49134       68.231805     0.023090024        2.992958      0.11986249      0.59056643     0.017946654      -19.401885       1.0481647      0.80333827      0.30843997     -0.94744709      0.69148293       13.634399       13.154173       1481.9721       2.3795461        2.3795461       1484.2236                   13.154173             -10.902716                  1481.9721
              1       744.36338       68.231805     0.023090024        2.992958      0.11986249      0.59056643     0.017946654      -19.405004       1.0481647      0.80333827      0.30843997     -0.94744709      0.69148293       13.634399       13.154173       1481.7162       2.3795461        2.3795461       1483.9677                   13.154173             -10.902716                  1481.7162
              2       744.54468       68.231805     0.023145455       3.1083175      0.11986249      0.59056643     0.017946654      -19.405004       1.0439191      0.79594262      0.30855903     -0.94746162      0.69136247        13.63289       13.622901       1481.7066       2.3795461        2.3795461       1484.3303                   13.622901             -10.999218                  1481.7066
              2        744.8813       68.231805     0.023145455       3.1083175      0.11986249      0.59056643     0.017946654      -19.400753       1.0439191      0.79594262      0.30855903     -0.94746162      0.69136247        13.63289       13.622901       1482.3798       2.3795461        2.3795461       1485.0035                   13.622901             -10.999218                  1482.3798
              1       744.83879       68.231805     0.023055475       3.1515537      0.11986249      0.59056643     0.017946654      -19.400753       1.0426423      0.79390854      0.30836576     -0.94743847      0.69155522       13.635174         13.9259       1482.4292       2.3795461        2.3795461       1484.9185                     13.9259             -11.436652                  1482.4292
              3       747.04598       68.231805     0.023055475       3.1515537      0.11986249      0.59056643     0.017946654       -19.39554       1.0426423      0.79390854      0.30836576     -0.94743847      0.69155522       13.635174         13.9259       1486.8436       2.3795461        2.3795461       1489.3329                     13.9259             -11.436652                  1486.8436
              1       744.45225       68.231805     0.023055475       3.1515537      0.11986249      0.59056643     0.017946654      -19.404186       1.0426423      0.79390854      0.30836576     -0.94743847      0.69155522       13.635174         13.9259       1481.6562       2.3795461        2.3795461       1484.1454                     13.9259             -11.436652                  1481.6562
              2       744.77205       68.231805     0.023055475       3.1515537      0.11986249      0.59056643     0.017946654      -19.407022       1.0426423      0.79390854      0.30836576     -0.94743847      0.69155522       13.635174         13.9259       1482.2958       2.3795461        2.3795461        1484.785                     13.9259             -11.436652                  1482.2958
              1       744.25112       68.231805     0.022834778       3.1718575      0.11986249      0.59056643     0.017946654      -19.407022       1.0425266      0.79407371      0.30789171     -0.94738149      0.69202903       13.640846       13.663745       1482.2967       2.3795461        2.3795461       1483.7432                   13.663745             -12.217303                  1482.2967
              2       743.97282       68.231805     0.022834778       3.1718575      0.11986249      0.59056643     0.017946654      -19.404787       1.0425266      0.79407371      0.30789171     -0.94738149      0.69202903       13.640846       13.663745       1481.7401       2.3795461        2.3795461       1483.1865                   13.663745             -12.217303                  1481.7401
              1       744.41408       68.231805     0.022834778       3.1718575      0.11986249      0.59056643     0.017946654      -19.400616       1.0425266      0.79407371      0.30789171     -0.94738149      0.69202903       13.640846       13.663745       1482.6226       2.3795461        2.3795461       1484.0691                   13.663745             -12.217303                  1482.6226
              1       743.81139       68.231805     0.022763958       3.0504851      0.11986249      0.59056643     0.017946654      -19.400616       1.0470026      0.80186918      0.30773959     -0.94736295      0.69218261       13.642761       13.084118       1482.6649       2.3795461        2.3795461       1482.8637                   13.084118             -12.885357                  1482.6649
              1       745.00232       68.229418     0.022763958       3.0504851      0.11990094      0.59102991     0.017357459      -19.397469       1.0469757      0.80227745      0.30784371     -0.94728507      0.69207848       13.641677       13.085406       1485.0455       2.3795461        2.3795461       1485.2455                   13.085406             -12.885357                  1485.0455
              5       743.59179       68.229418     0.022763958       3.0504851      0.11990094      0.59102991     0.017357459      -19.406841       1.0469757      0.80227745      0.30784371     -0.94728507      0.69207848       13.641677       13.085406       1482.2244       2.3795461        2.3795461       1482.4245                   13.085406             -12.885357                  1482.2244
              1       743.62856       68.199972     0.022763958       3.0504851       0.1201281       0.6031005     0.019477042      -19.406841       1.0474801      0.80204781        0.308598     -0.94520584      0.69132413       13.636111       13.166191       1482.2172       2.3795461        2.3795461        1482.498                   13.166191             -12.885357                  1482.2172
              1        743.9673       68.199972     0.022763958       3.0504851       0.1201281       0.6031005     0.019477042      -19.400878       1.0474801      0.80204781        0.308598     -0.94520584      0.69132413       13.636111       13.166191       1482.8947       2.3795461        2.3795461       1483.1755                   13.166191             -12.885357                  1482.8947
              2        743.8309       68.199972     0.022763958       3.0504851       0.1201281       0.6031005     0.019477042      -19.407879       1.0474801      0.80204781        0.308598     -0.94520584      0.69132413       13.636111       13.166191       1482.6219       2.3795461        2.3795461       1482.9027                   13.166191             -12.885357                  1482.6219
              1       746.79931       68.199972     0.023089978       3.2838613       0.1201281       0.6031005     0.019477042      -19.407879       1.0384196      0.78606905      0.30929893     -0.94529421      0.69062038        13.62757       16.565681       1482.6382       2.3795461        2.3795461       1488.8395                   16.565681              -10.36439                  1482.6382
              1       747.19619       68.199972     0.023089978       3.2838613       0.1201281       0.6031005     0.019477042      -19.409224       1.0384196      0.78606905      0.30929893     -0.94529421      0.69062038        13.62757       16.565681        1483.432       2.3795461        2.3795461       1489.6333                   16.565681              -10.36439                   1483.432
              2       747.14474       68.199972     0.023089978       3.2838613       0.1201281       0.6031005     0.019477042      -19.399822       1.0384196      0.78606905      0.30929893     -0.94529421      0.69062038        13.62757       16.565681       1483.3291       2.3795461        2.3795461       1489.5304                   16.565681              -10.36439                  1483.3291
              2        746.3775       68.199972     0.023089978       3.2838613       0.1201281       0.6031005     0.019477042      -19.404234       1.0384196      0.78606905      0.30929893     -0.94529421      0.69062038        13.62757       16.565681       1481.7946       2.3795461        2.3795461       1487.9959                   16.565681              -10.36439                  1481.7946
              1       746.41048       68.199972     0.023089978       3.2838613       0.1201281       0.6031005     0.019477042      -19.403466       1.0384196      0.78606905      0.30929893     -0.94529421      0.69062038        13.62757       16.565681       1481.8606       2.3795461        2.3795461       1488.0619                   16.565681              -10.36439                  1481.8606
              1       746.38493       68.199972     0.023089978       3.2838613       0.1201281       0.6031005     0.019477042      -19.404949       1.0384196      0.78606905      0.30929893     -0.94529421      0.69062038        13.62757       16.565681       1481.8095       2.3795461        2.3795461       1488.0108                   16.565681              -10.36439                  1481.8095
              1       743.42997       68.199972     0.022498323       3.0707819       0.1201281       0.6031005     0.019477042      -19.407564        1.047481      0.80249103       0.3080269     -0.94513417      0.69189499       13.642933       13.237748       1482.4834       2.3795461        2.3795461       1482.1008                   13.237748             -13.620281                  1482.4834
